$ 3 2 32
8 2 7 5 9 1 4 6 3 
1 6 3 2 4 8 5 9 7 
9 4 5 7 6 3 8 1 2 
4 9 6 1 7 5 2 3 8 
7 8 1 9 3 2 6 4 5 
5 3 2 4 8 6 9 7 1 
6 1 8 3 5 4 7 2 9 
2 5 9 6 1 7 3 8 4 
3 7 4 8 2 9 1 5 6 
$ 3 2 30
8 2 7 5 9 1 4 6 3 
1 6 3 2 4 8 5 9 7 
9 4 5 7 6 3 8 1 2 
4 9 6 1 7 5 2 3 8 
7 8 1 9 3 2 6 4 5 
5 3 2 4 8 6 9 7 1 
6 1 8 3 5 4 7 2 9 
2 5 9 6 1 7 3 8 4 
3 7 4 8 2 9 1 5 6 
$ 3 2 36
8 2 7 5 9 1 4 6 3 
1 6 3 2 4 8 5 9 7 
9 4 5 7 6 3 8 1 2 
4 9 6 1 7 5 2 3 8 
7 8 1 9 3 2 6 4 5 
5 3 2 4 8 6 9 7 1 
6 1 8 3 5 4 7 2 9 
2 5 9 6 1 7 3 8 4 
3 7 4 8 2 9 1 5 6 
$ 3 2 35
8 2 7 5 9 1 4 6 3 
1 6 3 2 4 8 5 9 7 
9 4 5 7 6 3 8 1 2 
4 9 6 1 7 5 2 3 8 
7 8 1 9 3 2 6 4 5 
5 3 2 4 8 6 9 7 1 
6 1 8 3 5 4 7 2 9 
2 5 9 6 1 7 3 8 4 
3 7 4 8 2 9 1 5 6 
$ 3 2 32
8 2 7 5 9 1 4 6 3 
1 6 3 2 4 8 5 9 7 
9 4 5 7 6 3 8 1 2 
4 9 6 1 7 5 2 3 8 
7 8 1 9 3 2 6 4 5 
5 3 2 4 8 6 9 7 1 
6 1 8 3 5 4 7 2 9 
2 5 9 6 1 7 3 8 4 
3 7 4 8 2 9 1 5 6 
$ 3 2 30
8 2 7 5 9 1 4 6 3 
1 6 3 2 4 8 5 9 7 
9 4 5 7 6 3 8 1 2 
4 9 6 1 7 5 2 3 8 
7 8 1 9 3 2 6 4 5 
5 3 2 4 8 6 9 7 1 
6 1 8 3 5 4 7 2 9 
2 5 9 6 1 7 3 8 4 
3 7 4 8 2 9 1 5 6 
$ 3 2 31
8 2 7 5 9 1 4 6 3 
1 6 3 2 4 8 5 9 7 
9 4 5 7 6 3 8 1 2 
4 9 6 1 7 5 2 3 8 
7 8 1 9 3 2 6 4 5 
5 3 2 4 8 6 9 7 1 
6 1 8 3 5 4 7 2 9 
2 5 9 6 1 7 3 8 4 
3 7 4 8 2 9 1 5 6 
$ 3 2 38
8 2 7 5 9 1 4 6 3 
1 6 3 2 4 8 5 9 7 
9 4 5 7 6 3 8 1 2 
4 9 6 1 7 5 2 3 8 
7 8 1 9 3 2 6 4 5 
5 3 2 4 8 6 9 7 1 
6 1 8 3 5 4 7 2 9 
2 5 9 6 1 7 3 8 4 
3 7 4 8 2 9 1 5 6 
$ 3 2 34
8 2 7 5 9 1 4 6 3 
1 6 3 2 4 8 5 9 7 
9 4 5 7 6 3 8 1 2 
4 9 6 1 7 5 2 3 8 
7 8 1 9 3 2 6 4 5 
5 3 2 4 8 6 9 7 1 
6 1 8 3 5 4 7 2 9 
2 5 9 6 1 7 3 8 4 
3 7 4 8 2 9 1 5 6 
$ 3 2 30
8 2 7 5 9 1 4 6 3 
1 6 3 2 4 8 5 9 7 
9 4 5 7 6 3 8 1 2 
4 9 6 1 7 5 2 3 8 
7 8 1 9 3 2 6 4 5 
5 3 2 4 8 6 9 7 1 
6 1 8 3 5 4 7 2 9 
2 5 9 6 1 7 3 8 4 
3 7 4 8 2 9 1 5 6 
$ 3 2 30
8 2 7 5 9 1 4 6 3 
1 6 3 2 4 8 5 9 7 
9 4 5 7 6 3 8 1 2 
4 9 6 1 7 5 2 3 8 
7 8 1 9 3 2 6 4 5 
5 3 2 4 8 6 9 7 1 
6 1 8 3 5 4 7 2 9 
2 5 9 6 1 7 3 8 4 
3 7 4 8 2 9 1 5 6 
$ 3 2 31
8 2 7 5 9 1 4 6 3 
1 6 3 2 4 8 5 9 7 
9 4 5 7 6 3 8 1 2 
4 9 6 1 7 5 2 3 8 
7 8 1 9 3 2 6 4 5 
5 3 2 4 8 6 9 7 1 
6 1 8 3 5 4 7 2 9 
2 5 9 6 1 7 3 8 4 
3 7 4 8 2 9 1 5 6 
$ 3 2 37
8 2 7 5 9 1 4 6 3 
1 6 3 2 4 8 5 9 7 
9 4 5 7 6 3 8 1 2 
4 9 6 1 7 5 2 3 8 
7 8 1 9 3 2 6 4 5 
5 3 2 4 8 6 9 7 1 
6 1 8 3 5 4 7 2 9 
2 5 9 6 1 7 3 8 4 
3 7 4 8 2 9 1 5 6 
$ 3 2 30
8 2 7 5 9 1 4 6 3 
1 6 3 2 4 8 5 9 7 
9 4 5 7 6 3 8 1 2 
4 9 6 1 7 5 2 3 8 
7 8 1 9 3 2 6 4 5 
5 3 2 4 8 6 9 7 1 
6 1 8 3 5 4 7 2 9 
2 5 9 6 1 7 3 8 4 
3 7 4 8 2 9 1 5 6 
$ 3 2 35
8 2 7 5 9 1 4 6 3 
1 6 3 2 4 8 5 9 7 
9 4 5 7 6 3 8 1 2 
4 9 6 1 7 5 2 3 8 
7 8 1 9 3 2 6 4 5 
5 3 2 4 8 6 9 7 1 
6 1 8 3 5 4 7 2 9 
2 5 9 6 1 7 3 8 4 
3 7 4 8 2 9 1 5 6 
$ 3 2 34
8 2 7 5 9 1 4 6 3 
1 6 3 2 4 8 5 9 7 
9 4 5 7 6 3 8 1 2 
4 9 6 1 7 5 2 3 8 
7 8 1 9 3 2 6 4 5 
5 3 2 4 8 6 9 7 1 
6 1 8 3 5 4 7 2 9 
2 5 9 6 1 7 3 8 4 
3 7 4 8 2 9 1 5 6 
$ 3 2 30
8 2 7 5 9 1 4 6 3 
1 6 3 2 4 8 5 9 7 
9 4 5 7 6 3 8 1 2 
4 9 6 1 7 5 2 3 8 
7 8 1 9 3 2 6 4 5 
5 3 2 4 8 6 9 7 1 
6 1 8 3 5 4 7 2 9 
2 5 9 6 1 7 3 8 4 
3 7 4 8 2 9 1 5 6 
$ 3 2 30
8 2 7 5 9 1 4 6 3 
1 6 3 2 4 8 5 9 7 
9 4 5 7 6 3 8 1 2 
4 9 6 1 7 5 2 3 8 
7 8 1 9 3 2 6 4 5 
5 3 2 4 8 6 9 7 1 
6 1 8 3 5 4 7 2 9 
2 5 9 6 1 7 3 8 4 
3 7 4 8 2 9 1 5 6 
$ 3 2 38
8 2 7 5 9 1 4 6 3 
1 6 3 2 4 8 5 9 7 
9 4 5 7 6 3 8 1 2 
4 9 6 1 7 5 2 3 8 
7 8 1 9 3 2 6 4 5 
5 3 2 4 8 6 9 7 1 
6 1 8 3 5 4 7 2 9 
2 5 9 6 1 7 3 8 4 
3 7 4 8 2 9 1 5 6 
$ 3 2 30
8 2 7 5 9 1 4 6 3 
1 6 3 2 4 8 5 9 7 
9 4 5 7 6 3 8 1 2 
4 9 6 1 7 5 2 3 8 
7 8 1 9 3 2 6 4 5 
5 3 2 4 8 6 9 7 1 
6 1 8 3 5 4 7 2 9 
2 5 9 6 1 7 3 8 4 
3 7 4 8 2 9 1 5 6 
$ 3 2 30
8 2 7 5 9 1 4 6 3 
1 6 3 2 4 8 5 9 7 
9 4 5 7 6 3 8 1 2 
4 9 6 1 7 5 2 3 8 
7 8 1 9 3 2 6 4 5 
5 3 2 4 8 6 9 7 1 
6 1 8 3 5 4 7 2 9 
2 5 9 6 1 7 3 8 4 
3 7 4 8 2 9 1 5 6 
$ 3 2 34
8 2 7 5 9 1 4 6 3 
1 6 3 2 4 8 5 9 7 
9 4 5 7 6 3 8 1 2 
4 9 6 1 7 5 2 3 8 
7 8 1 9 3 2 6 4 5 
5 3 2 4 8 6 9 7 1 
6 1 8 3 5 4 7 2 9 
2 5 9 6 1 7 3 8 4 
3 7 4 8 2 9 1 5 6 
$ 3 2 30
8 2 7 5 9 1 4 6 3 
1 6 3 2 4 8 5 9 7 
9 4 5 7 6 3 8 1 2 
4 9 6 1 7 5 2 3 8 
7 8 1 9 3 2 6 4 5 
5 3 2 4 8 6 9 7 1 
6 1 8 3 5 4 7 2 9 
2 5 9 6 1 7 3 8 4 
3 7 4 8 2 9 1 5 6 
$ 3 2 30
8 2 7 5 9 1 4 6 3 
1 6 3 2 4 8 5 9 7 
9 4 5 7 6 3 8 1 2 
4 9 6 1 7 5 2 3 8 
7 8 1 9 3 2 6 4 5 
5 3 2 4 8 6 9 7 1 
6 1 8 3 5 4 7 2 9 
2 5 9 6 1 7 3 8 4 
3 7 4 8 2 9 1 5 6 
$ 3 2 34
8 2 7 5 9 1 4 6 3 
1 6 3 2 4 8 5 9 7 
9 4 5 7 6 3 8 1 2 
4 9 6 1 7 5 2 3 8 
7 8 1 9 3 2 6 4 5 
5 3 2 4 8 6 9 7 1 
6 1 8 3 5 4 7 2 9 
2 5 9 6 1 7 3 8 4 
3 7 4 8 2 9 1 5 6 
$ 3 2 31
8 2 7 5 9 1 4 6 3 
1 6 3 2 4 8 5 9 7 
9 4 5 7 6 3 8 1 2 
4 9 6 1 7 5 2 3 8 
7 8 1 9 3 2 6 4 5 
5 3 2 4 8 6 9 7 1 
6 1 8 3 5 4 7 2 9 
2 5 9 6 1 7 3 8 4 
3 7 4 8 2 9 1 5 6 
$ 3 2 30
8 2 7 5 9 1 4 6 3 
1 6 3 2 4 8 5 9 7 
9 4 5 7 6 3 8 1 2 
4 9 6 1 7 5 2 3 8 
7 8 1 9 3 2 6 4 5 
5 3 2 4 8 6 9 7 1 
6 1 8 3 5 4 7 2 9 
2 5 9 6 1 7 3 8 4 
3 7 4 8 2 9 1 5 6 
$ 3 2 39
8 2 7 5 9 1 4 6 3 
1 6 3 2 4 8 5 9 7 
9 4 5 7 6 3 8 1 2 
4 9 6 1 7 5 2 3 8 
7 8 1 9 3 2 6 4 5 
5 3 2 4 8 6 9 7 1 
6 1 8 3 5 4 7 2 9 
2 5 9 6 1 7 3 8 4 
3 7 4 8 2 9 1 5 6 
$ 3 2 32
8 2 7 5 9 1 4 6 3 
1 6 3 2 4 8 5 9 7 
9 4 5 7 6 3 8 1 2 
4 9 6 1 7 5 2 3 8 
7 8 1 9 3 2 6 4 5 
5 3 2 4 8 6 9 7 1 
6 1 8 3 5 4 7 2 9 
2 5 9 6 1 7 3 8 4 
3 7 4 8 2 9 1 5 6 
$ 3 2 30
8 2 7 5 9 1 4 6 3 
1 6 3 2 4 8 5 9 7 
9 4 5 7 6 3 8 1 2 
4 9 6 1 7 5 2 3 8 
7 8 1 9 3 2 6 4 5 
5 3 2 4 8 6 9 7 1 
6 1 8 3 5 4 7 2 9 
2 5 9 6 1 7 3 8 4 
3 7 4 8 2 9 1 5 6 
$ 3 2 30
8 2 7 5 9 1 4 6 3 
1 6 3 2 4 8 5 9 7 
9 4 5 7 6 3 8 1 2 
4 9 6 1 7 5 2 3 8 
7 8 1 9 3 2 6 4 5 
5 3 2 4 8 6 9 7 1 
6 1 8 3 5 4 7 2 9 
2 5 9 6 1 7 3 8 4 
3 7 4 8 2 9 1 5 6 
$ 3 2 31
8 2 7 5 9 1 4 6 3 
1 6 3 2 4 8 5 9 7 
9 4 5 7 6 3 8 1 2 
4 9 6 1 7 5 2 3 8 
7 8 1 9 3 2 6 4 5 
5 3 2 4 8 6 9 7 1 
6 1 8 3 5 4 7 2 9 
2 5 9 6 1 7 3 8 4 
3 7 4 8 2 9 1 5 6 
$ 3 2 33
8 2 7 5 9 1 4 6 3 
1 6 3 2 4 8 5 9 7 
9 4 5 7 6 3 8 1 2 
4 9 6 1 7 5 2 3 8 
7 8 1 9 3 2 6 4 5 
5 3 2 4 8 6 9 7 1 
6 1 8 3 5 4 7 2 9 
2 5 9 6 1 7 3 8 4 
3 7 4 8 2 9 1 5 6 
$ 3 2 35
8 2 7 5 9 1 4 6 3 
1 6 3 2 4 8 5 9 7 
9 4 5 7 6 3 8 1 2 
4 9 6 1 7 5 2 3 8 
7 8 1 9 3 2 6 4 5 
5 3 2 4 8 6 9 7 1 
6 1 8 3 5 4 7 2 9 
2 5 9 6 1 7 3 8 4 
3 7 4 8 2 9 1 5 6 
$ 3 2 30
8 2 7 5 9 1 4 6 3 
1 6 3 2 4 8 5 9 7 
9 4 5 7 6 3 8 1 2 
4 9 6 1 7 5 2 3 8 
7 8 1 9 3 2 6 4 5 
5 3 2 4 8 6 9 7 1 
6 1 8 3 5 4 7 2 9 
2 5 9 6 1 7 3 8 4 
3 7 4 8 2 9 1 5 6 
$ 3 2 35
8 2 7 5 9 1 4 6 3 
1 6 3 2 4 8 5 9 7 
9 4 5 7 6 3 8 1 2 
4 9 6 1 7 5 2 3 8 
7 8 1 9 3 2 6 4 5 
5 3 2 4 8 6 9 7 1 
6 1 8 3 5 4 7 2 9 
2 5 9 6 1 7 3 8 4 
3 7 4 8 2 9 1 5 6 
$ 3 2 30
8 2 7 5 9 1 4 6 3 
1 6 3 2 4 8 5 9 7 
9 4 5 7 6 3 8 1 2 
4 9 6 1 7 5 2 3 8 
7 8 1 9 3 2 6 4 5 
5 3 2 4 8 6 9 7 1 
6 1 8 3 5 4 7 2 9 
2 5 9 6 1 7 3 8 4 
3 7 4 8 2 9 1 5 6 
$ 3 2 30
8 2 7 5 9 1 4 6 3 
1 6 3 2 4 8 5 9 7 
9 4 5 7 6 3 8 1 2 
4 9 6 1 7 5 2 3 8 
7 8 1 9 3 2 6 4 5 
5 3 2 4 8 6 9 7 1 
6 1 8 3 5 4 7 2 9 
2 5 9 6 1 7 3 8 4 
3 7 4 8 2 9 1 5 6 
$ 3 2 32
8 2 7 5 9 1 4 6 3 
1 6 3 2 4 8 5 9 7 
9 4 5 7 6 3 8 1 2 
4 9 6 1 7 5 2 3 8 
7 8 1 9 3 2 6 4 5 
5 3 2 4 8 6 9 7 1 
6 1 8 3 5 4 7 2 9 
2 5 9 6 1 7 3 8 4 
3 7 4 8 2 9 1 5 6 
$ 3 2 36
8 2 7 5 9 1 4 6 3 
1 6 3 2 4 8 5 9 7 
9 4 5 7 6 3 8 1 2 
4 9 6 1 7 5 2 3 8 
7 8 1 9 3 2 6 4 5 
5 3 2 4 8 6 9 7 1 
6 1 8 3 5 4 7 2 9 
2 5 9 6 1 7 3 8 4 
3 7 4 8 2 9 1 5 6 
$ 3 2 33
8 2 7 5 9 1 4 6 3 
1 6 3 2 4 8 5 9 7 
9 4 5 7 6 3 8 1 2 
4 9 6 1 7 5 2 3 8 
7 8 1 9 3 2 6 4 5 
5 3 2 4 8 6 9 7 1 
6 1 8 3 5 4 7 2 9 
2 5 9 6 1 7 3 8 4 
3 7 4 8 2 9 1 5 6 
$ 3 2 32
8 2 7 5 9 1 4 6 3 
1 6 3 2 4 8 5 9 7 
9 4 5 7 6 3 8 1 2 
4 9 6 1 7 5 2 3 8 
7 8 1 9 3 2 6 4 5 
5 3 2 4 8 6 9 7 1 
6 1 8 3 5 4 7 2 9 
2 5 9 6 1 7 3 8 4 
3 7 4 8 2 9 1 5 6 
$ 3 2 33
8 2 7 5 9 1 4 6 3 
1 6 3 2 4 8 5 9 7 
9 4 5 7 6 3 8 1 2 
4 9 6 1 7 5 2 3 8 
7 8 1 9 3 2 6 4 5 
5 3 2 4 8 6 9 7 1 
6 1 8 3 5 4 7 2 9 
2 5 9 6 1 7 3 8 4 
3 7 4 8 2 9 1 5 6 
$ 3 2 31
8 2 7 5 9 1 4 6 3 
1 6 3 2 4 8 5 9 7 
9 4 5 7 6 3 8 1 2 
4 9 6 1 7 5 2 3 8 
7 8 1 9 3 2 6 4 5 
5 3 2 4 8 6 9 7 1 
6 1 8 3 5 4 7 2 9 
2 5 9 6 1 7 3 8 4 
3 7 4 8 2 9 1 5 6 
$ 3 2 30
8 2 7 5 9 1 4 6 3 
1 6 3 2 4 8 5 9 7 
9 4 5 7 6 3 8 1 2 
4 9 6 1 7 5 2 3 8 
7 8 1 9 3 2 6 4 5 
5 3 2 4 8 6 9 7 1 
6 1 8 3 5 4 7 2 9 
2 5 9 6 1 7 3 8 4 
3 7 4 8 2 9 1 5 6 
$ 3 2 35
8 2 7 5 9 1 4 6 3 
1 6 3 2 4 8 5 9 7 
9 4 5 7 6 3 8 1 2 
4 9 6 1 7 5 2 3 8 
7 8 1 9 3 2 6 4 5 
5 3 2 4 8 6 9 7 1 
6 1 8 3 5 4 7 2 9 
2 5 9 6 1 7 3 8 4 
3 7 4 8 2 9 1 5 6 
$ 3 2 30
8 2 7 5 9 1 4 6 3 
1 6 3 2 4 8 5 9 7 
9 4 5 7 6 3 8 1 2 
4 9 6 1 7 5 2 3 8 
7 8 1 9 3 2 6 4 5 
5 3 2 4 8 6 9 7 1 
6 1 8 3 5 4 7 2 9 
2 5 9 6 1 7 3 8 4 
3 7 4 8 2 9 1 5 6 
$ 3 2 33
8 2 7 5 9 1 4 6 3 
1 6 3 2 4 8 5 9 7 
9 4 5 7 6 3 8 1 2 
4 9 6 1 7 5 2 3 8 
7 8 1 9 3 2 6 4 5 
5 3 2 4 8 6 9 7 1 
6 1 8 3 5 4 7 2 9 
2 5 9 6 1 7 3 8 4 
3 7 4 8 2 9 1 5 6 
$ 3 2 30
8 2 7 5 9 1 4 6 3 
1 6 3 2 4 8 5 9 7 
9 4 5 7 6 3 8 1 2 
4 9 6 1 7 5 2 3 8 
7 8 1 9 3 2 6 4 5 
5 3 2 4 8 6 9 7 1 
6 1 8 3 5 4 7 2 9 
2 5 9 6 1 7 3 8 4 
3 7 4 8 2 9 1 5 6 
$ 3 2 30
8 2 7 5 9 1 4 6 3 
1 6 3 2 4 8 5 9 7 
9 4 5 7 6 3 8 1 2 
4 9 6 1 7 5 2 3 8 
7 8 1 9 3 2 6 4 5 
5 3 2 4 8 6 9 7 1 
6 1 8 3 5 4 7 2 9 
2 5 9 6 1 7 3 8 4 
3 7 4 8 2 9 1 5 6 
$ 3 2 32
8 2 7 5 9 1 4 6 3 
1 6 3 2 4 8 5 9 7 
9 4 5 7 6 3 8 1 2 
4 9 6 1 7 5 2 3 8 
7 8 1 9 3 2 6 4 5 
5 3 2 4 8 6 9 7 1 
6 1 8 3 5 4 7 2 9 
2 5 9 6 1 7 3 8 4 
3 7 4 8 2 9 1 5 6 
$ 3 2 37
8 2 7 5 9 1 4 6 3 
1 6 3 2 4 8 5 9 7 
9 4 5 7 6 3 8 1 2 
4 9 6 1 7 5 2 3 8 
7 8 1 9 3 2 6 4 5 
5 3 2 4 8 6 9 7 1 
6 1 8 3 5 4 7 2 9 
2 5 9 6 1 7 3 8 4 
3 7 4 8 2 9 1 5 6 
$ 3 2 30
8 2 7 5 9 1 4 6 3 
1 6 3 2 4 8 5 9 7 
9 4 5 7 6 3 8 1 2 
4 9 6 1 7 5 2 3 8 
7 8 1 9 3 2 6 4 5 
5 3 2 4 8 6 9 7 1 
6 1 8 3 5 4 7 2 9 
2 5 9 6 1 7 3 8 4 
3 7 4 8 2 9 1 5 6 
$ 3 2 32
8 2 7 5 9 1 4 6 3 
1 6 3 2 4 8 5 9 7 
9 4 5 7 6 3 8 1 2 
4 9 6 1 7 5 2 3 8 
7 8 1 9 3 2 6 4 5 
5 3 2 4 8 6 9 7 1 
6 1 8 3 5 4 7 2 9 
2 5 9 6 1 7 3 8 4 
3 7 4 8 2 9 1 5 6 
$ 3 2 32
8 2 7 5 9 1 4 6 3 
1 6 3 2 4 8 5 9 7 
9 4 5 7 6 3 8 1 2 
4 9 6 1 7 5 2 3 8 
7 8 1 9 3 2 6 4 5 
5 3 2 4 8 6 9 7 1 
6 1 8 3 5 4 7 2 9 
2 5 9 6 1 7 3 8 4 
3 7 4 8 2 9 1 5 6 
$ 3 2 30
8 2 7 5 9 1 4 6 3 
1 6 3 2 4 8 5 9 7 
9 4 5 7 6 3 8 1 2 
4 9 6 1 7 5 2 3 8 
7 8 1 9 3 2 6 4 5 
5 3 2 4 8 6 9 7 1 
6 1 8 3 5 4 7 2 9 
2 5 9 6 1 7 3 8 4 
3 7 4 8 2 9 1 5 6 
$ 3 2 30
8 2 7 5 9 1 4 6 3 
1 6 3 2 4 8 5 9 7 
9 4 5 7 6 3 8 1 2 
4 9 6 1 7 5 2 3 8 
7 8 1 9 3 2 6 4 5 
5 3 2 4 8 6 9 7 1 
6 1 8 3 5 4 7 2 9 
2 5 9 6 1 7 3 8 4 
3 7 4 8 2 9 1 5 6 
$ 3 2 30
8 2 7 5 9 1 4 6 3 
1 6 3 2 4 8 5 9 7 
9 4 5 7 6 3 8 1 2 
4 9 6 1 7 5 2 3 8 
7 8 1 9 3 2 6 4 5 
5 3 2 4 8 6 9 7 1 
6 1 8 3 5 4 7 2 9 
2 5 9 6 1 7 3 8 4 
3 7 4 8 2 9 1 5 6 
$ 3 2 34
8 2 7 5 9 1 4 6 3 
1 6 3 2 4 8 5 9 7 
9 4 5 7 6 3 8 1 2 
4 9 6 1 7 5 2 3 8 
7 8 1 9 3 2 6 4 5 
5 3 2 4 8 6 9 7 1 
6 1 8 3 5 4 7 2 9 
2 5 9 6 1 7 3 8 4 
3 7 4 8 2 9 1 5 6 
$ 3 2 35
8 2 7 5 9 1 4 6 3 
1 6 3 2 4 8 5 9 7 
9 4 5 7 6 3 8 1 2 
4 9 6 1 7 5 2 3 8 
7 8 1 9 3 2 6 4 5 
5 3 2 4 8 6 9 7 1 
6 1 8 3 5 4 7 2 9 
2 5 9 6 1 7 3 8 4 
3 7 4 8 2 9 1 5 6 
$ 3 2 34
8 2 7 5 9 1 4 6 3 
1 6 3 2 4 8 5 9 7 
9 4 5 7 6 3 8 1 2 
4 9 6 1 7 5 2 3 8 
7 8 1 9 3 2 6 4 5 
5 3 2 4 8 6 9 7 1 
6 1 8 3 5 4 7 2 9 
2 5 9 6 1 7 3 8 4 
3 7 4 8 2 9 1 5 6 
$ 3 2 30
8 2 7 5 9 1 4 6 3 
1 6 3 2 4 8 5 9 7 
9 4 5 7 6 3 8 1 2 
4 9 6 1 7 5 2 3 8 
7 8 1 9 3 2 6 4 5 
5 3 2 4 8 6 9 7 1 
6 1 8 3 5 4 7 2 9 
2 5 9 6 1 7 3 8 4 
3 7 4 8 2 9 1 5 6 
$ 3 2 31
8 2 7 5 9 1 4 6 3 
1 6 3 2 4 8 5 9 7 
9 4 5 7 6 3 8 1 2 
4 9 6 1 7 5 2 3 8 
7 8 1 9 3 2 6 4 5 
5 3 2 4 8 6 9 7 1 
6 1 8 3 5 4 7 2 9 
2 5 9 6 1 7 3 8 4 
3 7 4 8 2 9 1 5 6 
$ 3 2 30
8 2 7 5 9 1 4 6 3 
1 6 3 2 4 8 5 9 7 
9 4 5 7 6 3 8 1 2 
4 9 6 1 7 5 2 3 8 
7 8 1 9 3 2 6 4 5 
5 3 2 4 8 6 9 7 1 
6 1 8 3 5 4 7 2 9 
2 5 9 6 1 7 3 8 4 
3 7 4 8 2 9 1 5 6 
$ 3 2 30
8 2 7 5 9 1 4 6 3 
1 6 3 2 4 8 5 9 7 
9 4 5 7 6 3 8 1 2 
4 9 6 1 7 5 2 3 8 
7 8 1 9 3 2 6 4 5 
5 3 2 4 8 6 9 7 1 
6 1 8 3 5 4 7 2 9 
2 5 9 6 1 7 3 8 4 
3 7 4 8 2 9 1 5 6 
$ 3 2 33
8 2 7 5 9 1 4 6 3 
1 6 3 2 4 8 5 9 7 
9 4 5 7 6 3 8 1 2 
4 9 6 1 7 5 2 3 8 
7 8 1 9 3 2 6 4 5 
5 3 2 4 8 6 9 7 1 
6 1 8 3 5 4 7 2 9 
2 5 9 6 1 7 3 8 4 
3 7 4 8 2 9 1 5 6 
$ 3 2 34
8 2 7 5 9 1 4 6 3 
1 6 3 2 4 8 5 9 7 
9 4 5 7 6 3 8 1 2 
4 9 6 1 7 5 2 3 8 
7 8 1 9 3 2 6 4 5 
5 3 2 4 8 6 9 7 1 
6 1 8 3 5 4 7 2 9 
2 5 9 6 1 7 3 8 4 
3 7 4 8 2 9 1 5 6 
$ 3 2 30
8 2 7 5 9 1 4 6 3 
1 6 3 2 4 8 5 9 7 
9 4 5 7 6 3 8 1 2 
4 9 6 1 7 5 2 3 8 
7 8 1 9 3 2 6 4 5 
5 3 2 4 8 6 9 7 1 
6 1 8 3 5 4 7 2 9 
2 5 9 6 1 7 3 8 4 
3 7 4 8 2 9 1 5 6 
$ 3 2 30
8 2 7 5 9 1 4 6 3 
1 6 3 2 4 8 5 9 7 
9 4 5 7 6 3 8 1 2 
4 9 6 1 7 5 2 3 8 
7 8 1 9 3 2 6 4 5 
5 3 2 4 8 6 9 7 1 
6 1 8 3 5 4 7 2 9 
2 5 9 6 1 7 3 8 4 
3 7 4 8 2 9 1 5 6 
$ 3 2 33
8 2 7 5 9 1 4 6 3 
1 6 3 2 4 8 5 9 7 
9 4 5 7 6 3 8 1 2 
4 9 6 1 7 5 2 3 8 
7 8 1 9 3 2 6 4 5 
5 3 2 4 8 6 9 7 1 
6 1 8 3 5 4 7 2 9 
2 5 9 6 1 7 3 8 4 
3 7 4 8 2 9 1 5 6 
$ 3 2 31
8 2 7 5 9 1 4 6 3 
1 6 3 2 4 8 5 9 7 
9 4 5 7 6 3 8 1 2 
4 9 6 1 7 5 2 3 8 
7 8 1 9 3 2 6 4 5 
5 3 2 4 8 6 9 7 1 
6 1 8 3 5 4 7 2 9 
2 5 9 6 1 7 3 8 4 
3 7 4 8 2 9 1 5 6 
$ 3 2 31
8 2 7 5 9 1 4 6 3 
1 6 3 2 4 8 5 9 7 
9 4 5 7 6 3 8 1 2 
4 9 6 1 7 5 2 3 8 
7 8 1 9 3 2 6 4 5 
5 3 2 4 8 6 9 7 1 
6 1 8 3 5 4 7 2 9 
2 5 9 6 1 7 3 8 4 
3 7 4 8 2 9 1 5 6 
$ 3 2 32
8 2 7 5 9 1 4 6 3 
1 6 3 2 4 8 5 9 7 
9 4 5 7 6 3 8 1 2 
4 9 6 1 7 5 2 3 8 
7 8 1 9 3 2 6 4 5 
5 3 2 4 8 6 9 7 1 
6 1 8 3 5 4 7 2 9 
2 5 9 6 1 7 3 8 4 
3 7 4 8 2 9 1 5 6 
$ 3 2 34
8 2 7 5 9 1 4 6 3 
1 6 3 2 4 8 5 9 7 
9 4 5 7 6 3 8 1 2 
4 9 6 1 7 5 2 3 8 
7 8 1 9 3 2 6 4 5 
5 3 2 4 8 6 9 7 1 
6 1 8 3 5 4 7 2 9 
2 5 9 6 1 7 3 8 4 
3 7 4 8 2 9 1 5 6 
$ 3 2 31
8 2 7 5 9 1 4 6 3 
1 6 3 2 4 8 5 9 7 
9 4 5 7 6 3 8 1 2 
4 9 6 1 7 5 2 3 8 
7 8 1 9 3 2 6 4 5 
5 3 2 4 8 6 9 7 1 
6 1 8 3 5 4 7 2 9 
2 5 9 6 1 7 3 8 4 
3 7 4 8 2 9 1 5 6 
$ 3 2 30
8 2 7 5 9 1 4 6 3 
1 6 3 2 4 8 5 9 7 
9 4 5 7 6 3 8 1 2 
4 9 6 1 7 5 2 3 8 
7 8 1 9 3 2 6 4 5 
5 3 2 4 8 6 9 7 1 
6 1 8 3 5 4 7 2 9 
2 5 9 6 1 7 3 8 4 
3 7 4 8 2 9 1 5 6 
$ 3 2 31
8 2 7 5 9 1 4 6 3 
1 6 3 2 4 8 5 9 7 
9 4 5 7 6 3 8 1 2 
4 9 6 1 7 5 2 3 8 
7 8 1 9 3 2 6 4 5 
5 3 2 4 8 6 9 7 1 
6 1 8 3 5 4 7 2 9 
2 5 9 6 1 7 3 8 4 
3 7 4 8 2 9 1 5 6 
$ 3 2 35
8 2 7 5 9 1 4 6 3 
1 6 3 2 4 8 5 9 7 
9 4 5 7 6 3 8 1 2 
4 9 6 1 7 5 2 3 8 
7 8 1 9 3 2 6 4 5 
5 3 2 4 8 6 9 7 1 
6 1 8 3 5 4 7 2 9 
2 5 9 6 1 7 3 8 4 
3 7 4 8 2 9 1 5 6 
$ 3 2 31
8 2 7 5 9 1 4 6 3 
1 6 3 2 4 8 5 9 7 
9 4 5 7 6 3 8 1 2 
4 9 6 1 7 5 2 3 8 
7 8 1 9 3 2 6 4 5 
5 3 2 4 8 6 9 7 1 
6 1 8 3 5 4 7 2 9 
2 5 9 6 1 7 3 8 4 
3 7 4 8 2 9 1 5 6 
$ 3 2 31
8 2 7 5 9 1 4 6 3 
1 6 3 2 4 8 5 9 7 
9 4 5 7 6 3 8 1 2 
4 9 6 1 7 5 2 3 8 
7 8 1 9 3 2 6 4 5 
5 3 2 4 8 6 9 7 1 
6 1 8 3 5 4 7 2 9 
2 5 9 6 1 7 3 8 4 
3 7 4 8 2 9 1 5 6 
$ 3 2 30
8 2 7 5 9 1 4 6 3 
1 6 3 2 4 8 5 9 7 
9 4 5 7 6 3 8 1 2 
4 9 6 1 7 5 2 3 8 
7 8 1 9 3 2 6 4 5 
5 3 2 4 8 6 9 7 1 
6 1 8 3 5 4 7 2 9 
2 5 9 6 1 7 3 8 4 
3 7 4 8 2 9 1 5 6 
$ 3 2 31
8 2 7 5 9 1 4 6 3 
1 6 3 2 4 8 5 9 7 
9 4 5 7 6 3 8 1 2 
4 9 6 1 7 5 2 3 8 
7 8 1 9 3 2 6 4 5 
5 3 2 4 8 6 9 7 1 
6 1 8 3 5 4 7 2 9 
2 5 9 6 1 7 3 8 4 
3 7 4 8 2 9 1 5 6 
$ 3 2 32
8 2 7 5 9 1 4 6 3 
1 6 3 2 4 8 5 9 7 
9 4 5 7 6 3 8 1 2 
4 9 6 1 7 5 2 3 8 
7 8 1 9 3 2 6 4 5 
5 3 2 4 8 6 9 7 1 
6 1 8 3 5 4 7 2 9 
2 5 9 6 1 7 3 8 4 
3 7 4 8 2 9 1 5 6 
$ 3 2 30
8 2 7 5 9 1 4 6 3 
1 6 3 2 4 8 5 9 7 
9 4 5 7 6 3 8 1 2 
4 9 6 1 7 5 2 3 8 
7 8 1 9 3 2 6 4 5 
5 3 2 4 8 6 9 7 1 
6 1 8 3 5 4 7 2 9 
2 5 9 6 1 7 3 8 4 
3 7 4 8 2 9 1 5 6 
$ 3 2 30
8 2 7 5 9 1 4 6 3 
1 6 3 2 4 8 5 9 7 
9 4 5 7 6 3 8 1 2 
4 9 6 1 7 5 2 3 8 
7 8 1 9 3 2 6 4 5 
5 3 2 4 8 6 9 7 1 
6 1 8 3 5 4 7 2 9 
2 5 9 6 1 7 3 8 4 
3 7 4 8 2 9 1 5 6 
$ 3 2 33
8 2 7 5 9 1 4 6 3 
1 6 3 2 4 8 5 9 7 
9 4 5 7 6 3 8 1 2 
4 9 6 1 7 5 2 3 8 
7 8 1 9 3 2 6 4 5 
5 3 2 4 8 6 9 7 1 
6 1 8 3 5 4 7 2 9 
2 5 9 6 1 7 3 8 4 
3 7 4 8 2 9 1 5 6 
$ 3 2 40
8 2 7 5 9 1 4 6 3 
1 6 3 2 4 8 5 9 7 
9 4 5 7 6 3 8 1 2 
4 9 6 1 7 5 2 3 8 
7 8 1 9 3 2 6 4 5 
5 3 2 4 8 6 9 7 1 
6 1 8 3 5 4 7 2 9 
2 5 9 6 1 7 3 8 4 
3 7 4 8 2 9 1 5 6 
$ 3 2 33
8 2 7 5 9 1 4 6 3 
1 6 3 2 4 8 5 9 7 
9 4 5 7 6 3 8 1 2 
4 9 6 1 7 5 2 3 8 
7 8 1 9 3 2 6 4 5 
5 3 2 4 8 6 9 7 1 
6 1 8 3 5 4 7 2 9 
2 5 9 6 1 7 3 8 4 
3 7 4 8 2 9 1 5 6 
$ 3 2 32
8 2 7 5 9 1 4 6 3 
1 6 3 2 4 8 5 9 7 
9 4 5 7 6 3 8 1 2 
4 9 6 1 7 5 2 3 8 
7 8 1 9 3 2 6 4 5 
5 3 2 4 8 6 9 7 1 
6 1 8 3 5 4 7 2 9 
2 5 9 6 1 7 3 8 4 
3 7 4 8 2 9 1 5 6 
$ 3 2 30
8 2 7 5 9 1 4 6 3 
1 6 3 2 4 8 5 9 7 
9 4 5 7 6 3 8 1 2 
4 9 6 1 7 5 2 3 8 
7 8 1 9 3 2 6 4 5 
5 3 2 4 8 6 9 7 1 
6 1 8 3 5 4 7 2 9 
2 5 9 6 1 7 3 8 4 
3 7 4 8 2 9 1 5 6 
$ 3 2 33
8 2 7 5 9 1 4 6 3 
1 6 3 2 4 8 5 9 7 
9 4 5 7 6 3 8 1 2 
4 9 6 1 7 5 2 3 8 
7 8 1 9 3 2 6 4 5 
5 3 2 4 8 6 9 7 1 
6 1 8 3 5 4 7 2 9 
2 5 9 6 1 7 3 8 4 
3 7 4 8 2 9 1 5 6 
$ 3 2 31
8 2 7 5 9 1 4 6 3 
1 6 3 2 4 8 5 9 7 
9 4 5 7 6 3 8 1 2 
4 9 6 1 7 5 2 3 8 
7 8 1 9 3 2 6 4 5 
5 3 2 4 8 6 9 7 1 
6 1 8 3 5 4 7 2 9 
2 5 9 6 1 7 3 8 4 
3 7 4 8 2 9 1 5 6 
$ 3 2 31
8 2 7 5 9 1 4 6 3 
1 6 3 2 4 8 5 9 7 
9 4 5 7 6 3 8 1 2 
4 9 6 1 7 5 2 3 8 
7 8 1 9 3 2 6 4 5 
5 3 2 4 8 6 9 7 1 
6 1 8 3 5 4 7 2 9 
2 5 9 6 1 7 3 8 4 
3 7 4 8 2 9 1 5 6 
$ 3 2 36
8 2 7 5 9 1 4 6 3 
1 6 3 2 4 8 5 9 7 
9 4 5 7 6 3 8 1 2 
4 9 6 1 7 5 2 3 8 
7 8 1 9 3 2 6 4 5 
5 3 2 4 8 6 9 7 1 
6 1 8 3 5 4 7 2 9 
2 5 9 6 1 7 3 8 4 
3 7 4 8 2 9 1 5 6 
$ 3 2 30
8 2 7 5 9 1 4 6 3 
1 6 3 2 4 8 5 9 7 
9 4 5 7 6 3 8 1 2 
4 9 6 1 7 5 2 3 8 
7 8 1 9 3 2 6 4 5 
5 3 2 4 8 6 9 7 1 
6 1 8 3 5 4 7 2 9 
2 5 9 6 1 7 3 8 4 
3 7 4 8 2 9 1 5 6 
$ 3 2 33
8 2 7 5 9 1 4 6 3 
1 6 3 2 4 8 5 9 7 
9 4 5 7 6 3 8 1 2 
4 9 6 1 7 5 2 3 8 
7 8 1 9 3 2 6 4 5 
5 3 2 4 8 6 9 7 1 
6 1 8 3 5 4 7 2 9 
2 5 9 6 1 7 3 8 4 
3 7 4 8 2 9 1 5 6 
$ 3 2 33
8 2 7 5 9 1 4 6 3 
1 6 3 2 4 8 5 9 7 
9 4 5 7 6 3 8 1 2 
4 9 6 1 7 5 2 3 8 
7 8 1 9 3 2 6 4 5 
5 3 2 4 8 6 9 7 1 
6 1 8 3 5 4 7 2 9 
2 5 9 6 1 7 3 8 4 
3 7 4 8 2 9 1 5 6 
$ 3 2 31
8 2 7 5 9 1 4 6 3 
1 6 3 2 4 8 5 9 7 
9 4 5 7 6 3 8 1 2 
4 9 6 1 7 5 2 3 8 
7 8 1 9 3 2 6 4 5 
5 3 2 4 8 6 9 7 1 
6 1 8 3 5 4 7 2 9 
2 5 9 6 1 7 3 8 4 
3 7 4 8 2 9 1 5 6 
$ 3 2 31
8 2 7 5 9 1 4 6 3 
1 6 3 2 4 8 5 9 7 
9 4 5 7 6 3 8 1 2 
4 9 6 1 7 5 2 3 8 
7 8 1 9 3 2 6 4 5 
5 3 2 4 8 6 9 7 1 
6 1 8 3 5 4 7 2 9 
2 5 9 6 1 7 3 8 4 
3 7 4 8 2 9 1 5 6 
$ 3 2 30
8 2 7 5 9 1 4 6 3 
1 6 3 2 4 8 5 9 7 
9 4 5 7 6 3 8 1 2 
4 9 6 1 7 5 2 3 8 
7 8 1 9 3 2 6 4 5 
5 3 2 4 8 6 9 7 1 
6 1 8 3 5 4 7 2 9 
2 5 9 6 1 7 3 8 4 
3 7 4 8 2 9 1 5 6 
