4 5 8 1 3 9 2 0 0 
1 3 6 7 2 4 0 0 0 
0 0 7 0 0 6 3 1 4 
0 4 5 6 9 1 8 0 2 
3 8 1 5 4 2 6 9 7 
0 6 9 3 8 7 4 0 1 
5 9 0 4 0 8 7 6 0 
6 1 4 9 7 3 5 2 8 
0 7 3 0 6 0 1 4 0 
-------END-------
4 9 7 8 0 0 0 5 1 
0 3 6 7 1 5 0 0 9 
1 8 5 3 4 9 6 7 2 
8 6 4 0 5 7 1 2 3 
3 7 2 0 8 4 5 0 6 
5 1 0 0 3 2 7 8 4 
0 4 0 0 9 1 2 6 0 
0 5 8 2 6 0 4 0 0 
0 0 1 4 0 8 9 3 5 
-------END-------
3 5 4 0 1 2 0 8 9 
8 0 0 3 5 0 0 7 2 
7 6 2 8 4 9 0 5 0 
4 0 0 1 9 7 8 2 5 
2 7 0 6 0 5 0 0 1 
1 0 0 4 2 8 3 6 7 
0 4 0 9 8 3 2 1 6 
6 8 3 2 7 1 5 9 4 
0 2 1 5 0 4 0 3 8 
-------END-------
2 1 3 7 4 9 5 0 8 
7 5 4 6 2 8 0 3 0 
8 6 9 3 1 0 0 7 0 
6 9 0 0 7 1 0 0 3 
4 0 5 9 6 3 0 0 7 
0 0 7 0 8 0 6 9 5 
0 0 6 0 5 4 0 8 9 
5 8 2 1 9 7 0 0 6 
9 4 1 8 3 0 7 5 0 
-------END-------
2 7 0 3 4 1 5 9 8 
8 4 5 2 6 9 7 1 0 
9 0 3 8 0 5 2 6 0 
4 0 0 6 1 0 8 0 5 
6 5 0 4 9 3 1 7 0 
7 0 1 0 0 8 9 4 6 
1 0 4 0 5 6 3 8 0 
3 6 7 0 8 2 0 5 0 
5 8 9 0 3 0 0 2 0 
-------END-------
