$ 3 2 32
4 5 0 0 6 9 0 3 7 
7 0 8 0 4 0 2 5 9 
9 1 0 7 0 0 8 6 0 
3 9 0 0 0 0 4 0 0 
6 7 4 2 9 5 3 8 1 
0 8 0 4 7 3 0 0 5 
8 4 6 9 0 0 5 1 3 
0 0 7 0 8 0 0 0 6 
0 0 9 1 0 6 0 4 8 
$ 3 2 34
4 5 2 0 6 9 1 0 0 
7 0 8 3 4 1 0 5 9 
0 0 3 0 5 2 8 6 0 
3 0 5 0 1 8 0 7 0 
6 0 0 2 9 5 0 8 1 
2 0 1 4 7 0 6 9 0 
0 0 6 9 0 7 0 1 0 
0 0 7 5 0 4 9 2 0 
0 2 0 1 0 0 0 0 8 
$ 3 2 30
4 0 2 8 6 9 1 3 7 
0 6 0 3 4 0 2 5 0 
9 1 3 7 5 0 8 0 0 
3 0 5 0 0 8 4 7 2 
6 0 0 2 9 5 0 8 1 
0 8 1 0 7 3 6 9 5 
8 0 6 9 2 0 0 1 0 
1 3 0 0 8 4 9 2 0 
5 0 0 0 0 0 0 0 8 
$ 3 2 30
0 5 0 8 6 9 1 0 0 
7 6 8 3 0 1 2 0 9 
0 0 0 0 5 0 8 6 0 
3 9 5 0 1 8 4 7 2 
0 7 0 0 9 5 0 0 1 
0 8 0 4 7 3 6 0 5 
0 4 6 9 0 7 5 0 3 
0 3 7 5 8 0 9 0 6 
0 0 9 0 3 6 7 4 8 
$ 3 2 30
4 0 0 0 6 9 1 0 7 
7 6 8 0 4 1 2 0 9 
9 1 3 0 5 0 8 6 0 
3 0 0 6 0 0 4 7 0 
6 7 0 2 9 5 3 8 0 
0 8 1 4 7 3 6 0 5 
8 4 6 0 0 0 5 1 0 
1 0 0 0 8 4 0 0 0 
5 2 9 1 3 0 0 4 8 
$ 3 2 30
4 0 2 8 6 0 1 0 7 
7 6 0 3 4 1 2 0 0 
9 0 3 7 0 2 8 0 0 
0 9 5 6 1 8 4 7 2 
0 7 4 2 0 5 0 8 1 
2 8 1 0 7 0 0 9 5 
0 0 6 0 2 7 0 1 0 
1 3 0 0 8 0 9 0 0 
0 2 0 1 3 0 7 4 8 
$ 3 2 31
0 0 2 8 6 9 1 3 7 
0 0 0 3 4 1 0 5 0 
0 1 3 0 5 2 8 6 4 
3 9 0 0 1 0 4 0 2 
6 7 4 2 9 5 0 8 0 
2 8 1 0 0 0 6 9 0 
0 0 6 0 0 0 5 1 3 
0 0 7 5 8 4 0 0 6 
0 2 0 1 0 6 7 4 8 
$ 3 2 31
4 0 0 0 6 9 1 3 7 
0 0 8 3 0 1 2 5 9 
9 0 0 7 0 0 0 6 0 
0 0 5 0 0 8 0 7 2 
6 0 0 0 9 0 3 0 1 
2 8 1 0 0 3 6 9 5 
8 4 0 9 2 7 5 1 3 
0 0 7 5 8 4 9 0 0 
5 2 9 1 0 0 7 4 8 
$ 3 2 30
4 0 0 0 0 9 1 3 7 
0 6 0 3 4 1 2 5 9 
0 0 3 7 0 2 8 0 4 
0 9 5 0 0 8 4 7 2 
6 0 0 2 9 5 3 0 0 
2 8 0 4 7 3 0 9 0 
0 4 6 0 2 7 0 0 3 
1 3 0 0 8 0 9 0 6 
0 2 9 1 3 0 7 4 8 
$ 3 2 34
4 5 2 8 6 9 0 3 0 
0 6 0 3 4 0 0 5 9 
0 0 0 0 0 2 0 0 0 
3 9 0 6 0 8 0 0 0 
6 0 0 2 9 5 3 8 1 
2 8 0 4 0 3 6 9 5 
8 4 6 9 0 0 5 1 0 
0 3 0 0 8 0 0 2 0 
5 0 0 1 3 6 7 4 8 
$ 3 2 34
4 5 0 0 0 9 0 3 0 
7 6 8 0 4 1 2 0 0 
9 1 3 7 5 2 0 0 4 
3 9 0 6 1 8 4 7 0 
0 0 4 2 0 5 0 0 0 
2 0 1 4 7 0 6 0 5 
0 0 6 9 2 0 0 0 3 
1 3 7 0 8 4 9 2 0 
5 0 9 0 0 0 7 0 0 
$ 3 2 31
0 5 2 0 0 0 0 0 7 
7 6 8 3 4 0 2 5 0 
0 1 3 7 0 2 8 0 4 
3 9 0 6 1 8 4 0 2 
0 0 4 0 9 5 3 0 0 
0 8 1 4 0 0 0 9 5 
0 4 6 9 2 7 0 0 0 
0 3 0 5 8 4 9 2 6 
5 2 9 1 0 0 7 0 8 
$ 3 2 33
0 5 2 8 0 0 0 3 0 
7 6 8 3 0 0 2 5 0 
0 0 3 7 5 0 0 0 4 
3 0 5 6 0 8 4 7 2 
6 0 0 0 0 0 3 0 1 
2 8 0 0 7 3 0 9 5 
0 4 6 9 2 0 5 1 3 
0 3 7 5 8 4 0 2 0 
0 2 9 0 0 6 0 4 8 
$ 3 2 30
0 5 2 8 6 9 0 3 0 
0 6 8 3 0 1 2 5 0 
9 0 3 7 0 0 8 6 4 
3 0 0 6 1 8 4 7 0 
6 7 4 2 9 0 0 8 1 
2 8 1 4 0 0 0 9 0 
8 4 6 0 2 7 0 1 3 
0 3 0 0 8 0 9 0 0 
5 0 9 0 3 6 0 0 8 
$ 3 2 30
4 5 0 0 6 9 1 0 0 
0 0 0 0 4 0 2 0 9 
9 1 3 7 0 2 0 0 0 
3 9 5 6 1 8 4 7 0 
6 7 0 2 9 5 0 8 1 
2 0 0 0 7 3 6 9 5 
8 0 0 9 0 0 5 1 0 
1 0 7 5 0 4 9 2 0 
0 2 9 0 3 6 7 4 8 
$ 3 2 32
4 5 2 0 6 0 0 0 7 
7 6 8 0 0 0 2 0 0 
9 1 0 7 5 2 8 0 4 
3 0 5 0 1 0 4 0 2 
6 0 4 2 0 0 3 8 1 
2 0 1 0 7 3 0 0 5 
8 4 0 0 0 7 0 0 3 
0 3 7 0 8 0 9 2 6 
5 2 9 0 3 0 7 4 8 
$ 3 2 31
0 5 0 8 0 9 1 3 0 
0 6 8 0 0 1 2 5 9 
9 0 3 0 0 2 0 6 4 
3 0 0 6 1 8 4 7 0 
6 7 0 2 9 5 0 0 1 
2 8 1 4 7 0 0 9 0 
0 4 0 9 2 7 5 0 3 
0 0 7 5 0 4 0 0 6 
5 2 9 0 3 6 0 4 0 
$ 3 2 32
0 0 0 8 6 9 0 3 7 
7 6 0 3 0 0 2 5 0 
9 0 0 0 5 2 8 6 0 
0 0 5 6 1 8 4 7 2 
6 0 0 0 0 5 3 0 0 
0 8 1 4 7 0 0 9 5 
0 4 0 9 0 7 5 1 0 
1 0 7 5 0 4 0 2 6 
5 0 9 1 3 6 7 0 8 
$ 3 2 31
4 0 2 8 0 0 1 3 0 
7 6 8 3 0 1 2 5 0 
9 1 3 7 0 2 8 0 0 
0 0 5 6 0 8 4 7 2 
6 0 0 2 0 0 0 8 0 
2 0 1 4 7 3 6 9 0 
8 4 0 9 0 7 0 0 3 
0 3 0 0 8 0 0 0 6 
5 2 9 1 3 6 7 0 8 
$ 3 2 30
0 5 2 0 0 9 0 3 7 
7 6 0 3 4 0 2 5 9 
9 0 3 7 5 2 0 6 4 
3 9 0 0 1 0 0 7 0 
0 7 4 0 9 0 3 8 1 
2 0 0 4 7 3 0 9 0 
8 4 0 9 2 7 5 0 3 
0 3 7 5 0 4 9 0 0 
5 0 0 0 0 6 7 4 8 
$ 3 2 30
4 5 0 0 6 9 0 0 0 
0 6 8 3 4 1 2 5 9 
0 1 3 7 5 0 8 0 4 
0 0 5 6 0 8 4 0 2 
0 0 4 2 9 5 3 8 0 
2 0 1 4 7 0 6 9 5 
0 0 0 9 2 7 5 0 0 
1 3 0 5 0 4 9 2 6 
0 0 9 1 3 6 0 0 0 
$ 3 2 33
0 0 2 8 6 9 1 3 7 
0 6 8 3 4 0 0 0 9 
9 0 0 7 5 2 0 6 4 
3 9 0 6 1 8 4 7 0 
0 7 0 0 0 0 0 8 0 
2 8 0 4 0 0 6 0 0 
8 0 6 0 2 7 5 1 3 
1 0 7 5 8 4 0 0 0 
0 2 0 1 0 6 7 0 8 
$ 3 2 31
0 5 0 8 0 9 0 3 7 
7 6 0 3 4 0 2 5 9 
9 1 0 0 0 0 8 6 4 
0 9 5 6 0 8 0 7 0 
6 7 4 2 0 5 0 8 1 
2 0 0 0 0 3 6 9 0 
8 0 0 0 2 0 5 0 3 
1 3 0 0 8 4 9 2 6 
0 2 0 0 3 6 7 4 8 
$ 3 2 30
4 0 0 0 0 0 1 3 7 
0 0 8 3 4 1 2 5 9 
9 1 3 0 5 0 0 0 4 
0 0 5 0 1 8 4 7 2 
0 7 4 2 9 5 3 0 0 
2 8 0 4 0 3 6 0 5 
0 4 0 9 0 7 5 1 0 
1 3 7 5 8 4 0 0 6 
0 2 9 1 0 6 7 0 0 
$ 3 2 33
4 5 2 8 0 9 1 3 0 
7 0 0 3 4 0 0 0 9 
0 1 3 7 0 0 0 6 0 
3 9 0 0 1 0 4 7 2 
0 0 4 2 9 0 3 8 0 
2 8 0 4 7 0 6 0 5 
8 0 6 9 2 0 5 1 3 
1 0 7 0 0 4 9 0 6 
0 2 9 0 0 6 7 0 0 
$ 3 2 33
0 5 2 8 0 9 0 3 7 
7 6 8 0 4 0 0 5 0 
0 1 0 0 0 0 0 0 0 
3 9 5 6 0 0 4 7 0 
0 7 4 2 0 0 3 8 0 
2 8 0 4 0 3 0 9 5 
8 0 6 9 2 7 5 0 3 
1 3 7 0 8 4 9 2 0 
0 2 9 1 0 0 7 4 0 
$ 3 2 33
0 0 2 0 6 0 0 0 0 
7 6 8 0 0 1 2 5 9 
0 0 0 7 5 0 8 6 0 
3 9 5 0 1 0 4 0 2 
0 7 0 0 0 5 0 0 0 
2 8 1 4 7 3 0 0 5 
8 4 6 9 2 0 0 1 0 
1 0 0 5 8 4 0 2 6 
5 2 9 1 3 0 7 4 8 
$ 3 2 32
0 5 2 8 0 9 1 3 7 
0 0 0 3 4 1 2 5 9 
9 1 3 7 5 2 0 0 0 
3 9 5 6 1 0 4 7 2 
6 0 0 2 9 0 3 0 0 
0 0 0 4 0 0 6 0 5 
8 4 6 9 0 7 5 0 3 
1 3 7 0 0 0 0 2 0 
0 2 0 1 0 6 0 0 8 
$ 3 2 37
4 0 0 0 6 0 1 3 7 
0 6 8 0 0 1 0 0 9 
9 0 3 7 5 2 8 6 4 
0 0 0 0 0 8 4 7 0 
0 0 4 0 9 0 3 0 0 
0 8 1 0 7 3 0 9 0 
0 0 6 0 0 0 5 1 3 
1 3 0 5 8 4 0 2 0 
5 2 0 1 0 6 7 0 8 
$ 3 2 31
0 5 2 0 0 0 1 3 7 
0 6 0 0 0 1 0 5 0 
0 0 3 7 5 2 0 0 4 
3 0 5 6 1 8 4 7 2 
6 0 4 0 9 0 0 8 1 
2 8 0 4 7 3 6 0 0 
8 4 0 0 2 0 5 1 0 
1 3 7 0 0 4 9 2 6 
5 2 9 0 3 6 0 0 8 
$ 3 2 32
0 5 2 8 6 0 1 0 7 
0 0 8 3 0 1 0 5 9 
9 1 3 7 0 2 8 0 0 
3 9 5 0 1 8 4 7 0 
6 7 4 2 9 0 3 8 0 
2 8 1 0 0 3 6 9 0 
8 0 0 0 2 7 5 1 3 
0 3 0 0 8 0 0 0 6 
5 0 0 0 0 0 7 0 8 
$ 3 2 33
0 0 0 0 6 0 0 0 7 
0 6 8 3 0 1 0 0 9 
9 1 0 0 5 0 8 6 4 
0 9 0 0 1 8 0 7 2 
0 7 4 2 9 0 3 8 1 
2 8 1 4 7 0 0 9 0 
8 0 6 0 0 0 5 1 3 
0 3 7 0 8 4 0 2 0 
5 2 9 1 0 6 0 4 8 
$ 3 2 32
0 5 0 0 6 0 0 0 0 
7 6 0 3 0 0 2 0 0 
0 0 3 7 5 0 0 6 0 
3 9 5 6 1 8 4 7 0 
6 7 4 2 9 5 0 8 1 
2 8 0 4 0 3 6 9 5 
8 4 6 9 2 0 5 1 0 
0 3 0 0 8 4 9 2 6 
5 0 9 0 0 0 0 0 8 
$ 3 2 30
4 0 2 0 6 0 1 3 0 
7 6 8 0 4 0 2 5 9 
0 0 3 7 0 2 0 0 4 
0 0 5 6 0 8 4 7 2 
6 7 4 2 9 0 3 8 1 
2 8 1 4 0 0 6 9 5 
8 4 6 9 0 7 0 0 3 
0 3 0 0 8 0 0 0 0 
0 2 0 1 3 0 7 4 8 
$ 3 2 33
0 0 2 8 0 9 0 3 0 
7 6 0 3 4 1 0 5 9 
9 1 3 0 0 2 0 0 0 
3 9 5 6 1 8 4 7 2 
6 7 4 0 9 0 3 8 0 
2 0 0 0 7 3 6 9 0 
0 4 0 9 0 7 0 1 3 
0 0 7 0 8 0 0 0 0 
5 2 9 1 0 0 7 4 0 
$ 3 2 34
0 5 0 8 6 0 1 3 0 
7 0 0 0 4 0 0 0 0 
0 1 3 0 5 0 8 0 0 
3 0 0 6 0 8 0 0 2 
0 0 4 0 9 5 3 8 1 
0 8 1 4 7 0 6 9 0 
8 4 0 9 0 7 5 1 0 
0 0 7 5 0 4 0 2 6 
5 2 9 1 3 6 7 4 8 
$ 3 2 32
0 5 2 8 6 0 0 3 7 
0 6 8 3 4 0 2 5 9 
0 1 3 7 0 2 8 6 0 
0 9 0 6 1 0 4 0 2 
0 7 0 2 0 5 0 0 1 
2 8 1 0 0 3 6 9 5 
0 0 0 0 2 7 0 1 3 
0 3 7 5 0 0 0 2 6 
5 0 0 1 0 6 0 4 8 
$ 3 2 32
4 5 2 0 0 0 1 0 0 
0 0 0 0 4 1 0 0 9 
9 0 0 7 5 2 8 6 4 
3 0 0 0 1 8 0 7 2 
6 7 0 0 9 0 0 8 1 
2 8 1 4 7 0 0 9 0 
0 0 0 9 0 7 5 1 3 
1 3 7 5 0 4 9 2 6 
5 2 9 1 0 6 0 4 0 
$ 3 2 34
0 5 0 0 6 9 0 3 0 
7 0 8 3 4 1 0 0 9 
0 0 0 0 5 2 0 0 4 
0 9 5 6 0 8 4 7 0 
0 7 4 0 0 0 0 8 1 
0 8 1 4 7 0 6 9 0 
8 0 6 0 2 0 0 1 3 
1 3 0 5 8 4 9 0 0 
5 2 0 0 3 6 7 4 8 
$ 3 2 32
4 5 0 8 0 9 0 0 7 
7 6 0 3 0 0 0 5 0 
9 1 0 7 5 2 0 6 4 
3 9 0 0 0 8 4 7 2 
6 0 4 2 9 5 0 0 1 
2 8 0 4 7 0 0 9 5 
8 0 0 9 0 0 0 1 0 
1 3 7 0 8 0 9 0 6 
0 2 9 1 3 6 0 4 0 
$ 3 2 30
4 5 2 8 6 0 1 3 0 
0 6 8 0 0 0 0 5 9 
9 0 0 7 5 0 8 6 0 
0 9 5 0 1 0 4 7 0 
6 0 4 0 0 5 3 8 1 
0 8 1 0 7 3 6 9 5 
0 4 6 9 2 7 5 0 0 
0 0 7 5 8 0 0 0 6 
5 2 9 1 3 6 0 0 8 
$ 3 2 30
4 0 2 8 0 0 1 3 7 
7 0 8 3 0 1 2 0 9 
9 1 0 0 5 2 8 6 4 
0 0 0 6 1 8 4 0 2 
6 7 4 2 0 5 3 8 1 
0 0 1 4 7 3 0 9 5 
0 0 0 0 0 0 5 1 0 
1 0 7 0 8 0 9 2 6 
5 0 0 1 3 6 7 0 0 
$ 3 2 32
4 5 0 0 0 0 1 3 0 
7 6 0 3 4 0 0 0 0 
9 1 0 0 5 2 0 6 4 
3 9 5 0 1 8 0 7 2 
6 7 0 2 0 5 0 8 0 
2 8 1 4 7 0 6 9 5 
0 0 6 9 2 7 0 0 3 
0 0 0 5 8 0 9 2 0 
5 0 0 1 3 0 7 4 8 
$ 3 2 30
0 5 2 8 6 9 1 3 7 
0 6 8 0 4 1 0 0 9 
9 0 3 0 5 0 0 6 4 
3 0 5 6 1 0 4 7 2 
6 0 4 2 0 5 0 0 0 
2 0 0 4 7 0 6 9 5 
0 4 6 0 2 0 5 1 0 
1 3 0 5 0 4 0 0 6 
0 0 9 1 0 6 7 4 8 
$ 3 2 32
4 0 0 0 6 9 0 3 7 
0 6 8 0 0 0 0 0 9 
0 1 0 7 5 0 8 6 4 
0 0 5 0 1 8 4 7 2 
0 7 0 2 9 0 3 0 1 
2 0 0 0 7 3 0 9 5 
8 4 6 0 2 7 5 1 3 
1 3 7 0 8 4 9 0 6 
0 0 9 1 0 0 7 4 0 
$ 3 2 30
0 0 0 0 6 9 1 0 0 
7 0 8 3 0 0 0 5 9 
0 1 3 0 5 2 8 6 0 
3 9 5 6 0 8 4 7 2 
6 7 4 2 9 5 3 8 0 
2 8 1 0 7 0 6 0 5 
8 4 6 9 0 7 5 0 3 
0 0 0 5 0 4 9 0 6 
0 0 0 1 0 6 0 4 8 
$ 3 2 30
0 5 0 8 6 9 0 3 0 
0 6 8 3 0 0 0 5 9 
0 1 3 7 5 2 8 0 4 
3 9 5 0 1 8 4 0 0 
6 7 4 0 9 0 0 8 1 
2 0 1 4 0 0 0 0 0 
0 0 6 9 2 7 5 1 3 
1 0 0 5 0 4 9 2 6 
0 2 9 0 3 0 7 4 8 
$ 3 2 36
4 5 2 8 6 9 0 3 7 
7 0 8 0 4 1 0 0 9 
0 1 0 0 5 0 8 0 4 
3 0 5 6 1 0 4 7 0 
0 0 4 0 9 5 0 0 0 
0 0 1 4 0 0 0 9 5 
8 0 6 0 0 7 0 1 0 
0 3 7 5 8 4 9 2 0 
5 0 9 0 0 6 0 4 0 
$ 3 2 30
0 5 2 0 0 9 1 3 7 
0 0 0 0 4 0 2 5 9 
0 1 3 7 5 0 8 6 0 
3 9 5 0 0 0 4 7 2 
6 7 4 0 9 0 3 8 0 
2 0 1 0 7 0 0 9 5 
8 4 6 9 0 7 5 0 3 
1 3 0 0 0 4 9 2 6 
5 0 0 0 3 0 7 4 8 
$ 3 2 31
0 0 2 8 0 9 1 3 0 
0 6 0 3 4 1 0 5 9 
9 1 0 0 0 0 0 0 0 
3 0 5 6 1 0 4 7 0 
0 7 0 2 0 5 3 0 1 
2 0 1 0 7 3 6 9 5 
8 4 6 9 0 7 5 1 3 
1 0 7 5 8 0 9 0 6 
5 2 9 0 0 6 7 0 0 
$ 3 2 30
4 0 2 0 6 9 0 3 0 
7 6 8 0 4 1 0 0 9 
9 1 3 7 0 0 0 0 0 
3 9 5 0 0 0 4 7 2 
6 0 4 2 0 5 3 8 1 
0 0 0 4 7 0 6 9 5 
8 4 6 0 0 7 5 1 0 
1 3 7 0 8 4 9 2 0 
0 0 0 1 3 0 7 4 8 
$ 3 2 31
4 5 0 8 0 9 1 3 0 
7 0 0 0 4 1 2 0 0 
9 0 0 7 0 2 0 6 0 
0 9 5 6 1 8 0 7 2 
0 7 0 0 0 5 0 0 1 
2 8 1 0 7 0 6 0 5 
8 0 0 9 0 7 5 0 3 
1 3 0 5 8 4 9 2 6 
5 2 9 1 3 0 7 4 0 
$ 3 2 33
0 5 0 8 0 9 0 0 7 
0 0 8 3 0 0 0 5 0 
9 1 3 0 0 0 0 6 0 
3 9 5 6 1 8 4 0 2 
6 7 0 2 0 0 3 0 1 
0 0 1 0 7 3 6 0 5 
8 4 0 9 2 7 5 1 0 
1 3 0 0 8 4 9 0 0 
5 2 0 1 0 6 7 4 8 
$ 3 2 30
4 5 0 0 6 9 1 3 7 
0 6 8 3 4 0 2 5 9 
9 1 0 0 0 0 0 6 4 
3 9 5 6 1 8 0 7 0 
0 7 0 0 0 5 3 0 1 
0 0 1 4 0 3 6 9 5 
0 0 6 0 2 7 5 1 0 
1 0 7 0 8 4 0 2 6 
0 0 9 1 3 6 7 0 0 
$ 3 2 37
4 5 0 0 6 0 1 0 0 
7 0 0 3 0 0 0 0 9 
0 0 0 0 5 2 8 6 4 
3 9 0 0 1 0 4 0 2 
6 7 4 2 9 5 0 8 1 
0 0 1 4 0 3 0 9 0 
8 0 6 9 2 7 5 0 0 
1 3 7 0 0 4 9 2 0 
0 0 0 0 0 6 7 4 0 
$ 3 2 34
0 5 0 0 6 0 1 0 7 
7 6 8 3 4 1 0 5 0 
9 0 0 0 5 0 8 0 4 
0 9 5 6 1 0 4 7 2 
0 0 0 2 9 0 3 8 0 
2 8 0 4 0 3 6 0 5 
0 4 0 9 2 7 0 0 3 
0 3 7 5 8 0 0 0 6 
0 2 9 0 3 6 0 0 8 
$ 3 2 31
0 0 2 0 6 9 1 0 0 
0 0 8 0 0 1 2 5 9 
9 1 0 0 5 0 0 6 4 
3 9 5 6 0 8 4 0 2 
6 7 0 0 9 0 3 8 1 
2 0 1 4 7 3 0 9 0 
8 0 6 9 2 0 5 1 3 
1 0 7 5 0 4 9 0 0 
5 0 0 0 3 6 0 4 8 
$ 3 2 31
0 0 2 0 0 0 0 3 0 
7 0 0 3 4 0 2 5 9 
9 1 0 7 0 2 8 6 4 
0 9 5 0 1 8 4 7 0 
6 7 4 2 9 0 3 0 0 
0 0 1 0 7 3 6 9 0 
0 4 0 0 0 7 5 1 3 
0 0 0 5 8 4 9 0 6 
0 2 9 1 3 6 7 4 8 
$ 3 2 30
4 0 2 8 6 0 1 3 7 
7 0 8 3 4 0 2 5 9 
9 0 3 7 5 0 0 6 4 
3 0 5 6 1 8 4 0 2 
6 0 4 0 9 0 3 0 1 
2 8 1 0 7 3 0 0 5 
8 4 0 0 0 0 5 0 0 
1 3 7 0 0 0 0 2 6 
0 2 9 1 0 6 0 0 8 
$ 3 2 30
0 5 2 8 0 0 1 3 0 
0 6 0 0 4 1 0 0 9 
0 1 3 7 5 0 8 6 0 
3 9 5 6 0 0 0 7 2 
6 0 4 2 0 5 3 0 0 
0 8 1 4 7 3 0 9 0 
8 4 6 9 2 0 5 0 3 
1 3 7 5 8 4 0 0 6 
0 2 9 1 0 6 7 0 0 
$ 3 2 30
0 5 2 0 6 9 1 3 7 
7 6 0 0 4 1 0 5 9 
0 0 3 7 5 2 0 6 0 
3 0 5 6 1 8 4 7 0 
0 0 4 0 0 0 0 0 0 
0 8 0 4 7 3 6 0 0 
8 0 6 9 2 7 5 0 3 
0 3 7 0 8 4 9 2 0 
5 0 9 1 3 6 7 0 8 
$ 3 2 32
0 5 0 0 0 0 0 0 7 
7 6 0 3 0 0 2 5 0 
9 1 3 7 5 2 0 0 4 
0 9 5 0 0 8 4 0 2 
6 7 4 0 9 5 3 8 0 
0 8 0 4 7 3 6 9 5 
8 0 0 0 0 7 0 1 3 
1 3 7 0 0 4 9 2 0 
5 2 9 1 0 6 0 0 8 
$ 3 2 32
4 0 2 0 6 0 1 3 0 
7 0 8 0 4 1 2 0 9 
0 1 3 7 5 0 8 6 4 
3 9 5 6 0 8 4 7 0 
0 7 4 2 9 0 3 0 1 
2 8 0 4 0 0 0 9 5 
0 0 6 9 0 0 0 1 0 
0 0 0 5 8 4 0 0 0 
0 2 9 1 0 6 7 4 8 
$ 3 2 31
0 5 2 8 6 9 1 0 7 
0 0 8 3 0 1 2 0 9 
0 0 0 0 0 0 8 6 0 
3 0 0 6 1 8 4 0 2 
0 7 4 2 0 5 3 8 0 
2 8 1 0 7 3 0 9 5 
8 0 6 0 2 7 0 1 0 
0 3 7 5 8 4 0 2 6 
5 2 9 0 3 0 0 0 8 
$ 3 2 44
0 0 2 8 0 9 1 3 0 
0 0 8 0 0 0 0 5 9 
9 0 3 7 5 2 0 6 0 
0 0 0 0 0 0 0 0 0 
6 7 4 2 9 5 0 0 1 
0 0 0 4 0 3 0 0 0 
0 4 0 0 2 0 0 0 3 
0 0 7 0 8 0 9 2 6 
5 2 9 1 3 0 7 0 0 
$ 3 2 30
0 5 2 0 0 0 1 3 7 
0 6 0 3 0 1 0 0 9 
9 1 3 7 0 2 8 0 4 
3 9 5 6 1 0 4 7 2 
6 0 4 2 9 5 3 8 0 
2 0 0 4 0 3 6 9 0 
0 4 0 9 2 7 0 1 0 
1 3 7 0 8 0 0 0 0 
5 0 0 1 0 6 7 4 8 
$ 3 2 33
4 0 2 8 0 9 1 0 0 
7 0 8 3 4 1 2 0 0 
0 1 3 0 5 2 0 6 4 
3 0 5 0 0 0 4 7 2 
0 0 4 0 0 5 0 0 1 
2 0 1 0 7 3 6 9 5 
0 4 0 9 0 0 5 1 3 
0 0 0 0 8 0 9 2 6 
5 2 9 1 3 6 0 0 8 
$ 3 2 33
4 0 2 0 6 9 1 0 0 
7 6 8 3 0 1 2 0 9 
9 1 3 7 5 2 8 0 0 
3 0 0 6 1 8 0 0 0 
6 0 4 0 0 5 3 8 0 
0 8 1 4 7 3 6 0 5 
0 0 0 0 2 0 0 1 0 
1 0 7 0 0 4 9 2 6 
5 2 9 0 0 6 7 0 0 
$ 3 2 30
4 5 0 0 6 9 1 0 7 
7 0 8 0 4 0 0 0 9 
0 0 3 0 0 0 8 6 4 
3 0 5 0 1 8 4 7 2 
6 7 4 0 9 5 3 8 1 
2 8 1 4 7 0 0 9 5 
8 0 6 0 0 7 5 1 3 
0 3 7 5 0 4 0 2 6 
5 0 0 0 0 0 0 4 8 
$ 3 2 33
0 0 0 0 6 0 1 0 7 
7 6 8 0 4 0 0 5 9 
9 1 0 7 0 2 8 6 4 
3 0 5 6 0 8 0 7 0 
6 7 4 0 0 5 0 8 0 
2 8 0 4 0 3 6 9 5 
8 0 0 9 0 0 0 0 3 
0 3 7 5 8 4 9 0 6 
5 2 9 0 3 0 7 0 0 
$ 3 2 31
0 0 2 8 0 0 1 0 7 
7 0 0 3 0 1 0 5 0 
9 1 3 7 5 2 0 6 4 
0 9 5 6 1 0 4 0 2 
0 0 4 0 0 0 3 8 1 
0 8 1 0 0 0 6 0 5 
8 4 6 0 2 0 0 1 3 
1 0 7 0 8 4 9 2 6 
0 2 9 1 0 6 7 4 8 
$ 3 2 30
4 5 2 0 0 9 1 0 7 
7 0 0 0 4 0 0 5 0 
9 1 0 7 0 0 8 6 4 
3 9 0 6 1 8 4 7 2 
6 7 4 2 9 5 3 8 0 
0 0 0 4 7 0 0 9 5 
8 0 6 9 2 7 0 0 3 
1 0 7 0 8 0 9 0 6 
5 0 9 0 3 6 0 4 0 
$ 3 2 33
4 0 2 8 0 9 0 3 0 
7 0 8 3 4 0 0 5 9 
9 1 3 7 0 0 0 6 0 
3 9 0 6 0 8 0 7 0 
6 7 4 0 9 5 3 8 0 
0 0 1 4 7 3 0 9 5 
8 0 0 0 0 7 5 0 3 
0 0 7 5 8 0 9 2 0 
5 2 0 1 0 6 7 0 0 
$ 3 2 30
0 5 2 0 0 9 0 3 7 
7 0 8 0 4 0 2 0 9 
9 1 3 0 5 2 0 6 0 
0 9 5 6 1 8 4 0 0 
6 7 0 2 0 5 3 8 1 
2 8 0 4 7 3 6 9 0 
0 0 6 0 2 7 5 1 0 
1 3 7 0 8 0 0 0 6 
0 0 9 1 0 6 7 4 0 
$ 3 2 30
4 5 0 8 6 0 1 3 0 
0 6 0 3 4 1 2 5 0 
9 1 0 7 5 2 0 0 0 
3 0 0 0 0 0 4 0 2 
6 7 0 0 9 5 0 8 0 
2 0 1 4 7 0 0 9 5 
8 4 6 9 0 7 5 1 3 
1 3 7 0 0 4 9 0 0 
5 2 9 1 3 0 7 0 8 
$ 3 2 33
0 0 2 0 0 9 0 0 7 
0 0 8 3 0 1 2 5 0 
0 1 3 0 5 0 8 6 4 
0 9 5 6 0 8 0 0 2 
6 0 4 0 9 0 3 0 0 
2 8 1 4 7 0 6 0 5 
8 4 6 0 0 0 0 1 3 
1 0 7 5 8 4 9 2 6 
5 2 0 1 0 6 7 0 0 
$ 3 2 31
4 5 2 8 0 9 0 3 7 
7 0 0 3 4 1 2 5 9 
0 1 3 0 5 0 8 0 0 
3 0 0 6 0 0 0 0 0 
6 0 4 2 0 0 3 0 0 
2 0 0 4 0 3 6 9 5 
8 4 6 9 2 0 5 1 3 
1 0 0 0 0 0 9 2 6 
5 0 9 1 3 6 7 4 8 
$ 3 2 31
4 5 2 0 0 9 0 0 0 
0 0 8 0 4 0 0 5 9 
9 1 3 7 0 0 8 6 4 
3 9 5 0 1 0 4 7 0 
6 7 0 2 9 0 3 8 1 
2 8 1 0 0 0 0 9 5 
0 4 6 9 0 7 5 1 3 
0 3 7 0 8 0 0 2 6 
5 0 0 1 3 0 7 0 8 
$ 3 2 30
4 5 2 8 6 9 0 0 7 
0 6 0 3 4 1 2 5 0 
9 0 3 0 0 2 8 6 0 
3 0 5 6 0 8 4 7 0 
0 7 4 0 9 5 0 8 1 
0 8 1 4 7 3 0 0 5 
8 4 0 9 0 7 0 1 0 
0 3 7 0 0 0 9 2 6 
5 0 9 0 0 6 7 0 8 
$ 3 2 31
0 5 2 8 6 9 1 0 7 
7 6 8 0 4 1 0 5 0 
9 0 0 7 0 0 8 6 4 
0 9 0 0 1 0 4 0 0 
6 0 0 0 9 5 3 0 0 
2 8 1 4 7 3 0 9 5 
8 4 0 0 2 0 0 1 3 
1 3 0 5 8 0 0 2 6 
0 2 9 0 3 6 7 0 8 
$ 3 2 32
4 0 0 8 0 9 0 0 0 
7 0 8 0 4 0 0 5 0 
9 1 0 0 5 2 8 0 4 
3 0 5 6 1 8 4 0 2 
0 7 4 0 0 0 3 8 0 
2 0 1 0 0 3 0 9 0 
0 0 6 9 0 0 5 1 3 
1 3 7 5 8 4 9 2 0 
5 2 9 0 3 6 7 4 8 
$ 3 2 30
4 0 0 0 0 0 0 3 7 
0 6 8 3 4 1 2 0 0 
9 0 0 0 5 2 8 6 0 
3 0 5 6 1 0 4 7 0 
6 0 0 2 0 5 3 8 0 
2 0 1 4 7 3 6 0 5 
8 0 6 9 0 7 0 1 0 
1 3 7 5 8 0 9 2 6 
5 2 0 1 3 6 0 4 0 
$ 3 2 30
0 5 0 0 6 9 1 3 7 
7 6 0 3 4 0 2 5 0 
9 0 3 7 5 2 0 6 4 
3 0 5 6 0 8 0 0 2 
0 0 4 0 9 5 0 8 0 
2 8 1 0 0 0 6 9 5 
8 0 0 9 0 7 0 1 3 
1 3 0 5 0 4 0 0 6 
0 2 9 1 3 6 7 4 0 
$ 3 2 30
4 5 0 8 6 9 1 0 0 
0 6 0 3 4 1 2 5 0 
9 1 0 7 5 2 0 6 4 
3 9 0 6 1 0 0 7 0 
6 7 4 0 0 5 0 8 0 
0 8 1 4 7 0 6 0 0 
8 0 6 9 0 0 5 1 3 
1 3 0 5 0 4 9 2 6 
0 2 9 0 3 0 7 0 0 
$ 3 2 34
4 5 0 8 0 9 0 0 0 
0 6 0 0 4 0 2 5 9 
0 1 3 7 5 2 8 6 0 
0 0 5 0 0 8 4 7 0 
0 0 4 2 0 5 0 0 1 
0 8 0 4 0 3 6 9 0 
8 4 6 0 2 7 5 0 3 
1 0 7 0 8 4 0 0 6 
5 2 0 1 3 6 0 0 8 
$ 3 2 33
0 0 2 8 6 9 0 0 7 
7 0 8 3 4 1 0 5 9 
9 1 3 0 5 2 0 6 0 
3 0 5 0 0 0 4 7 2 
0 7 4 2 9 5 0 8 0 
0 0 0 0 0 0 0 0 0 
8 0 6 9 2 7 5 1 3 
1 0 0 0 8 4 0 2 0 
5 2 9 1 0 0 7 4 8 
$ 3 2 33
4 0 0 0 6 0 1 3 7 
0 0 8 3 0 1 2 5 9 
0 1 3 7 5 2 8 6 0 
0 9 5 0 0 8 4 7 0 
6 0 4 0 0 0 3 8 0 
2 0 0 4 7 3 6 9 0 
8 4 0 9 2 0 0 0 0 
0 0 0 0 8 4 9 2 6 
0 2 9 1 3 6 0 0 8 
$ 3 2 31
4 5 0 0 6 9 1 0 7 
0 6 8 0 4 0 2 5 0 
9 1 0 0 5 2 8 0 0 
3 0 5 0 1 8 4 7 2 
0 0 0 2 9 5 3 8 0 
0 8 1 0 0 3 0 9 0 
8 4 6 9 2 7 5 0 0 
1 0 7 5 0 4 9 0 6 
5 0 0 1 3 6 7 0 0 
$ 3 2 32
4 0 2 0 6 9 1 3 7 
7 6 8 3 0 1 2 5 0 
0 1 0 7 5 2 0 0 4 
0 9 5 6 1 8 4 0 0 
0 7 0 2 9 0 3 0 0 
0 8 1 0 7 0 0 0 5 
8 4 6 9 2 7 5 1 3 
1 0 7 0 0 4 0 2 0 
0 2 0 0 0 0 7 0 8 
$ 3 2 34
0 0 0 8 6 9 1 0 0 
0 6 8 3 4 1 0 5 0 
0 1 0 0 5 2 0 6 4 
0 9 0 6 1 8 4 0 2 
6 7 4 0 0 0 0 0 0 
0 8 0 0 7 3 6 0 0 
0 0 6 9 2 0 5 1 0 
1 3 7 5 8 0 9 0 0 
5 2 0 1 3 6 7 4 8 
$ 3 2 34
0 5 0 8 0 9 0 0 0 
0 6 0 0 4 0 0 5 9 
0 0 3 7 5 2 8 6 0 
3 9 5 6 1 0 0 7 2 
0 0 0 2 9 0 3 8 1 
0 8 1 0 7 0 6 0 5 
0 0 6 9 2 7 0 1 3 
0 0 7 5 0 4 9 0 6 
5 0 9 1 3 6 0 0 8 
$ 3 2 30
4 5 2 8 6 9 1 3 7 
7 6 0 0 0 1 0 5 0 
9 1 3 0 0 2 8 6 0 
3 0 0 0 0 8 0 7 2 
6 0 4 0 0 5 0 8 1 
2 8 1 0 7 3 6 0 0 
8 0 6 9 0 0 0 0 3 
1 3 0 5 8 0 0 2 6 
5 2 9 1 3 0 7 0 8 
$ 3 2 40
4 5 2 8 6 0 0 0 7 
0 6 0 0 4 0 0 5 9 
0 1 3 0 0 0 0 6 0 
0 9 5 6 0 8 4 0 0 
6 0 0 2 9 5 0 0 0 
2 0 1 4 7 3 6 9 5 
0 0 0 0 2 0 0 1 0 
0 0 0 5 0 4 9 2 6 
0 0 9 1 0 0 7 4 0 
$ 3 2 31
4 5 2 0 0 9 1 0 0 
7 0 0 0 0 1 0 5 0 
0 1 0 7 0 2 0 6 0 
0 0 5 6 1 0 4 7 2 
0 7 4 2 9 0 0 8 1 
0 8 0 4 0 3 0 9 0 
0 4 6 9 0 7 5 1 3 
0 3 7 5 8 4 9 2 6 
0 2 9 1 3 6 7 4 0 
$ 3 2 30
0 5 0 8 0 0 1 3 0 
0 0 8 0 0 1 2 5 0 
9 0 3 0 0 2 8 6 4 
3 9 0 0 1 0 4 0 0 
6 7 0 0 9 5 3 8 1 
2 8 0 4 7 3 6 9 0 
8 4 6 9 2 0 0 1 0 
0 0 7 5 8 4 9 2 6 
5 2 0 0 3 6 0 4 8 
$ 3 2 31
4 5 0 0 0 0 1 0 0 
7 6 0 3 4 0 2 5 9 
0 0 3 7 5 0 8 6 0 
3 9 0 0 1 8 4 0 0 
6 7 0 2 0 5 0 8 0 
2 8 0 4 7 3 6 0 0 
8 4 6 9 2 7 5 0 3 
1 3 0 5 8 0 9 0 6 
0 0 9 1 0 0 7 4 8 
$ 3 2 30
4 5 2 8 6 9 0 3 0 
7 6 0 0 0 1 0 0 9 
9 1 3 7 5 2 8 6 0 
0 0 0 6 0 0 0 7 0 
6 7 0 2 9 5 3 8 0 
0 8 1 4 7 3 6 9 0 
8 4 6 0 2 0 5 0 3 
0 3 0 5 0 4 9 2 6 
0 0 9 0 3 0 7 0 8 
$ 3 2 32
0 5 2 8 6 0 1 3 7 
0 0 0 0 4 1 2 0 9 
9 1 0 0 5 2 8 6 4 
3 9 5 0 1 8 4 7 2 
6 0 4 0 0 5 3 8 0 
2 8 1 4 0 0 6 9 0 
0 0 0 9 0 7 0 1 0 
0 0 0 5 0 4 9 0 0 
5 0 9 1 0 0 7 4 8 
$ 3 2 31
0 5 2 0 0 0 1 3 0 
7 6 8 3 4 1 2 0 9 
9 1 3 7 5 2 8 0 4 
0 9 5 6 1 8 4 0 2 
0 7 0 2 0 5 0 0 0 
0 0 1 4 0 0 6 0 5 
0 0 0 0 0 7 5 1 3 
1 3 0 5 0 4 9 0 6 
5 2 9 1 0 6 7 0 0 
$ 3 2 31
0 0 0 8 6 9 0 3 7 
0 0 8 3 0 0 0 0 0 
9 0 3 0 5 2 8 6 0 
0 0 0 6 0 0 0 7 2 
6 7 0 0 0 5 3 8 1 
2 8 1 4 7 0 6 9 0 
8 4 0 0 2 7 5 1 3 
1 0 7 5 8 4 9 2 0 
5 2 9 1 0 6 7 0 8 
