$ 3 2 36
9 4 1 8 5 3 6 2 7 
7 3 6 4 2 1 9 5 8 
2 5 8 7 9 6 4 1 3 
4 2 7 9 8 5 3 6 1 
3 6 5 2 1 7 8 9 4 
1 8 9 6 3 4 5 7 2 
6 1 4 5 7 8 2 3 9 
8 9 3 1 6 2 7 4 5 
5 7 2 3 4 9 1 8 6 
$ 3 2 32
9 4 1 8 5 3 6 2 7 
7 3 6 4 2 1 9 5 8 
2 5 8 7 9 6 4 1 3 
4 2 7 9 8 5 3 6 1 
3 6 5 2 1 7 8 9 4 
1 8 9 6 3 4 5 7 2 
6 1 4 5 7 8 2 3 9 
8 9 3 1 6 2 7 4 5 
5 7 2 3 4 9 1 8 6 
$ 3 2 33
9 4 1 8 5 3 6 2 7 
7 3 6 4 2 1 9 5 8 
2 5 8 7 9 6 4 1 3 
4 2 7 9 8 5 3 6 1 
3 6 5 2 1 7 8 9 4 
1 8 9 6 3 4 5 7 2 
6 1 3 5 7 8 2 4 9 
8 9 4 1 6 2 7 3 5 
5 7 2 3 4 9 1 8 6 
$ 3 2 31
9 4 1 8 5 3 6 2 7 
7 3 6 4 2 1 9 5 8 
2 5 8 7 9 6 4 1 3 
4 2 7 9 8 5 3 6 1 
3 6 5 2 1 7 8 9 4 
1 8 9 6 3 4 5 7 2 
6 1 4 5 7 8 2 3 9 
8 9 3 1 6 2 7 4 5 
5 7 2 3 4 9 1 8 6 
$ 3 2 31
9 4 1 8 5 3 6 2 7 
7 3 6 4 2 1 9 5 8 
2 5 8 7 9 6 4 1 3 
4 2 7 9 8 5 3 6 1 
3 6 5 2 1 7 8 9 4 
1 8 9 6 3 4 5 7 2 
6 1 4 5 7 8 2 3 9 
8 9 3 1 6 2 7 4 5 
5 7 2 3 4 9 1 8 6 
$ 3 2 35
9 4 1 8 5 3 6 2 7 
7 3 6 4 2 1 9 5 8 
2 5 8 7 9 6 4 1 3 
4 2 7 9 8 5 3 6 1 
3 6 5 2 1 7 8 9 4 
1 8 9 6 3 4 5 7 2 
6 1 4 5 7 8 2 3 9 
8 9 3 1 6 2 7 4 5 
5 7 2 3 4 9 1 8 6 
$ 3 2 43
9 4 1 8 5 3 6 2 7 
7 3 6 4 2 1 9 5 8 
2 5 8 7 9 6 4 1 3 
4 2 7 9 8 5 3 6 1 
3 6 5 2 1 7 8 9 4 
1 8 9 6 3 4 5 7 2 
6 1 4 5 7 8 2 3 9 
8 9 3 1 6 2 7 4 5 
5 7 2 3 4 9 1 8 6 
$ 3 2 30
9 4 1 8 5 3 6 2 7 
7 3 6 4 2 1 9 5 8 
2 5 8 7 9 6 4 1 3 
4 2 7 9 8 5 3 6 1 
3 6 5 2 1 7 8 9 4 
1 8 9 6 3 4 5 7 2 
6 1 4 5 7 8 2 3 9 
8 9 3 1 6 2 7 4 5 
5 7 2 3 4 9 1 8 6 
$ 3 2 31
9 4 1 8 5 3 6 2 7 
7 3 6 4 2 1 9 5 8 
2 5 8 7 9 6 4 1 3 
4 2 7 9 8 5 3 6 1 
3 6 5 2 1 7 8 9 4 
1 8 9 6 3 4 5 7 2 
6 1 4 5 7 8 2 3 9 
8 9 3 1 6 2 7 4 5 
5 7 2 3 4 9 1 8 6 
$ 3 2 35
9 4 1 8 5 3 6 2 7 
7 3 6 4 2 1 9 5 8 
2 5 8 7 9 6 4 1 3 
4 2 7 9 8 5 3 6 1 
3 6 5 2 1 7 8 9 4 
1 8 9 6 3 4 5 7 2 
6 1 4 5 7 8 2 3 9 
8 9 3 1 6 2 7 4 5 
5 7 2 3 4 9 1 8 6 
$ 3 2 31
9 4 1 8 5 3 6 2 7 
7 3 6 4 2 1 9 5 8 
2 5 8 7 9 6 4 1 3 
4 2 7 9 8 5 3 6 1 
3 6 5 2 1 7 8 9 4 
1 8 9 6 3 4 5 7 2 
6 1 4 5 7 8 2 3 9 
8 9 3 1 6 2 7 4 5 
5 7 2 3 4 9 1 8 6 
$ 3 2 30
9 4 1 8 5 3 6 2 7 
7 3 6 4 2 1 9 5 8 
2 5 8 7 9 6 4 1 3 
4 2 7 9 8 5 3 6 1 
3 6 5 2 1 7 8 9 4 
1 8 9 6 3 4 5 7 2 
6 1 4 5 7 8 2 3 9 
8 9 3 1 6 2 7 4 5 
5 7 2 3 4 9 1 8 6 
$ 3 2 30
9 4 1 8 5 3 6 2 7 
7 3 6 4 2 1 9 5 8 
2 5 8 7 9 6 4 1 3 
4 2 7 9 8 5 3 6 1 
3 6 5 2 1 7 8 9 4 
1 8 9 6 3 4 5 7 2 
6 1 4 5 7 8 2 3 9 
8 9 3 1 6 2 7 4 5 
5 7 2 3 4 9 1 8 6 
$ 3 2 35
9 4 1 8 5 3 6 2 7 
7 3 6 4 2 1 9 5 8 
2 5 8 7 9 6 4 1 3 
4 2 7 9 8 5 3 6 1 
3 6 5 2 1 7 8 9 4 
1 8 9 6 3 4 5 7 2 
6 1 4 5 7 8 2 3 9 
8 9 3 1 6 2 7 4 5 
5 7 2 3 4 9 1 8 6 
$ 3 2 30
9 4 1 8 5 3 6 2 7 
7 3 6 4 2 1 9 5 8 
2 5 8 7 9 6 4 1 3 
4 2 7 9 8 5 3 6 1 
3 6 5 2 1 7 8 9 4 
1 8 9 6 3 4 5 7 2 
6 1 4 5 7 8 2 3 9 
8 9 3 1 6 2 7 4 5 
5 7 2 3 4 9 1 8 6 
$ 3 2 33
9 4 1 8 5 3 6 2 7 
7 3 6 4 2 1 9 5 8 
2 5 8 7 9 6 4 1 3 
4 2 7 9 8 5 3 6 1 
3 6 5 2 1 7 8 9 4 
1 8 9 6 3 4 5 7 2 
6 1 4 5 7 8 2 3 9 
8 9 3 1 6 2 7 4 5 
5 7 2 3 4 9 1 8 6 
$ 3 2 37
9 4 1 8 5 3 6 2 7 
7 3 6 4 2 1 9 5 8 
2 5 8 7 9 6 4 1 3 
4 2 7 9 8 5 3 6 1 
3 6 5 2 1 7 8 9 4 
1 8 9 6 3 4 5 7 2 
6 1 4 5 7 8 2 3 9 
8 9 3 1 6 2 7 4 5 
5 7 2 3 4 9 1 8 6 
$ 3 2 38
9 4 1 8 5 3 6 2 7 
7 3 6 4 2 1 9 5 8 
2 5 8 7 9 6 4 1 3 
4 2 7 9 8 5 3 6 1 
3 6 5 2 1 7 8 9 4 
1 8 9 6 3 4 5 7 2 
6 1 4 5 7 8 2 3 9 
8 9 3 1 6 2 7 4 5 
5 7 2 3 4 9 1 8 6 
$ 3 2 33
9 4 1 8 5 3 6 2 7 
7 3 6 4 2 1 9 5 8 
2 5 8 7 9 6 4 1 3 
4 2 7 9 8 5 3 6 1 
3 6 5 2 1 7 8 9 4 
1 8 9 6 3 4 5 7 2 
6 1 4 5 7 8 2 3 9 
8 9 3 1 6 2 7 4 5 
5 7 2 3 4 9 1 8 6 
$ 3 2 30
9 4 1 8 5 3 6 2 7 
7 3 6 4 2 1 9 5 8 
2 5 8 7 9 6 4 1 3 
4 2 7 9 8 5 3 6 1 
3 6 5 2 1 7 8 9 4 
1 8 9 6 3 4 5 7 2 
6 1 4 5 7 8 2 3 9 
8 9 3 1 6 2 7 4 5 
5 7 2 3 4 9 1 8 6 
$ 3 2 31
9 4 1 8 5 3 6 2 7 
7 3 6 4 2 1 9 5 8 
2 5 8 7 9 6 4 1 3 
4 2 7 9 8 5 3 6 1 
3 6 5 2 1 7 8 9 4 
1 8 9 6 3 4 5 7 2 
6 1 4 5 7 8 2 3 9 
8 9 3 1 6 2 7 4 5 
5 7 2 3 4 9 1 8 6 
$ 3 2 34
9 4 1 8 5 3 6 2 7 
7 3 6 4 2 1 9 5 8 
2 5 8 7 9 6 4 1 3 
4 2 7 9 8 5 3 6 1 
3 6 5 2 1 7 8 9 4 
1 8 9 6 3 4 5 7 2 
6 1 4 5 7 8 2 3 9 
8 9 3 1 6 2 7 4 5 
5 7 2 3 4 9 1 8 6 
$ 3 2 31
9 4 1 8 5 3 6 2 7 
7 3 6 4 2 1 9 5 8 
2 5 8 7 9 6 4 1 3 
4 2 7 9 8 5 3 6 1 
3 6 5 2 1 7 8 9 4 
1 8 9 6 3 4 5 7 2 
6 1 4 5 7 8 2 3 9 
8 9 3 1 6 2 7 4 5 
5 7 2 3 4 9 1 8 6 
$ 3 2 32
9 4 1 8 5 3 6 2 7 
7 3 6 4 2 1 9 5 8 
2 5 8 7 9 6 4 1 3 
4 2 7 9 8 5 3 6 1 
3 6 5 2 1 7 8 9 4 
1 8 9 6 3 4 5 7 2 
6 1 4 5 7 8 2 3 9 
8 9 3 1 6 2 7 4 5 
5 7 2 3 4 9 1 8 6 
$ 3 2 30
9 4 1 8 5 3 6 2 7 
7 3 6 4 2 1 9 5 8 
2 5 8 7 9 6 4 1 3 
4 2 7 9 8 5 3 6 1 
3 6 5 2 1 7 8 9 4 
1 8 9 6 3 4 5 7 2 
6 1 4 5 7 8 2 3 9 
8 9 3 1 6 2 7 4 5 
5 7 2 3 4 9 1 8 6 
$ 3 2 33
9 4 1 8 5 3 6 2 7 
7 3 6 4 2 1 9 5 8 
2 5 8 7 9 6 4 1 3 
4 2 7 9 8 5 3 6 1 
3 6 5 2 1 7 8 9 4 
1 8 9 6 3 4 5 7 2 
6 1 4 5 7 8 2 3 9 
8 9 3 1 6 2 7 4 5 
5 7 2 3 4 9 1 8 6 
$ 3 2 30
9 4 1 8 5 3 6 2 7 
7 3 6 4 2 1 9 5 8 
2 5 8 7 9 6 4 1 3 
4 2 7 9 8 5 3 6 1 
3 6 5 2 1 7 8 9 4 
1 8 9 6 3 4 5 7 2 
6 1 4 5 7 8 2 3 9 
8 9 3 1 6 2 7 4 5 
5 7 2 3 4 9 1 8 6 
$ 3 2 31
9 4 1 8 5 3 6 2 7 
7 3 6 4 2 1 9 5 8 
2 5 8 7 9 6 4 1 3 
4 2 7 9 8 5 3 6 1 
3 6 5 2 1 7 8 9 4 
1 8 9 6 3 4 5 7 2 
6 1 4 5 7 8 2 3 9 
8 9 3 1 6 2 7 4 5 
5 7 2 3 4 9 1 8 6 
$ 3 2 30
9 4 1 8 5 3 6 7 2 
7 3 6 4 2 1 9 5 8 
2 5 8 7 9 6 4 1 3 
4 2 7 9 8 5 3 6 1 
3 6 5 2 1 7 8 9 4 
1 8 9 6 3 4 5 2 7 
6 1 4 5 7 8 2 3 9 
8 9 3 1 6 2 7 4 5 
5 7 2 3 4 9 1 8 6 
$ 3 2 32
9 4 1 8 5 3 6 2 7 
7 3 6 4 2 1 9 5 8 
2 5 8 7 9 6 4 1 3 
4 2 7 9 8 5 3 6 1 
3 6 5 2 1 7 8 9 4 
1 8 9 6 3 4 5 7 2 
6 1 4 5 7 8 2 3 9 
8 9 3 1 6 2 7 4 5 
5 7 2 3 4 9 1 8 6 
$ 3 2 30
9 4 1 8 5 3 6 2 7 
7 3 6 4 2 1 9 5 8 
2 5 8 7 9 6 4 1 3 
4 2 7 9 8 5 3 6 1 
3 6 5 2 1 7 8 9 4 
1 8 9 6 3 4 5 7 2 
6 1 4 5 7 8 2 3 9 
8 9 3 1 6 2 7 4 5 
5 7 2 3 4 9 1 8 6 
$ 3 2 31
9 4 1 8 5 3 6 2 7 
7 3 6 4 2 1 9 5 8 
2 5 8 7 9 6 4 1 3 
4 2 7 9 8 5 3 6 1 
3 6 5 2 1 7 8 9 4 
1 8 9 6 3 4 5 7 2 
6 1 4 5 7 8 2 3 9 
8 9 3 1 6 2 7 4 5 
5 7 2 3 4 9 1 8 6 
$ 3 2 31
9 4 1 8 5 3 6 2 7 
7 3 6 4 2 1 9 5 8 
2 5 8 7 9 6 4 1 3 
4 2 7 9 8 5 3 6 1 
3 6 5 2 1 7 8 9 4 
1 8 9 6 3 4 5 7 2 
6 1 4 5 7 8 2 3 9 
8 9 3 1 6 2 7 4 5 
5 7 2 3 4 9 1 8 6 
$ 3 2 33
9 4 1 8 5 3 6 2 7 
7 3 6 4 2 1 9 5 8 
2 5 8 7 9 6 4 1 3 
4 2 7 9 8 5 3 6 1 
3 6 5 2 1 7 8 9 4 
1 8 9 6 3 4 5 7 2 
6 1 4 5 7 8 2 3 9 
8 9 3 1 6 2 7 4 5 
5 7 2 3 4 9 1 8 6 
$ 3 2 31
9 4 1 8 5 3 6 2 7 
7 3 6 4 2 1 9 5 8 
2 5 8 7 9 6 4 1 3 
4 2 7 9 8 5 3 6 1 
3 6 5 2 1 7 8 9 4 
1 8 9 6 3 4 5 7 2 
6 1 4 5 7 8 2 3 9 
8 9 3 1 6 2 7 4 5 
5 7 2 3 4 9 1 8 6 
$ 3 2 37
9 4 1 8 5 3 6 7 2 
7 3 6 4 2 1 9 5 8 
2 5 8 7 9 6 4 1 3 
4 2 5 9 8 7 3 6 1 
3 6 7 2 1 4 8 9 5 
1 8 9 6 3 5 7 2 4 
6 1 4 5 7 8 2 3 9 
8 9 3 1 6 2 5 4 7 
5 7 2 3 4 9 1 8 6 
$ 3 2 30
9 4 1 8 5 3 6 2 7 
7 3 6 4 2 1 9 5 8 
2 5 8 7 9 6 4 1 3 
4 2 7 9 8 5 3 6 1 
3 6 5 2 1 7 8 9 4 
1 8 9 6 3 4 5 7 2 
6 1 4 5 7 8 2 3 9 
8 9 3 1 6 2 7 4 5 
5 7 2 3 4 9 1 8 6 
$ 3 2 30
9 4 1 8 5 3 6 2 7 
7 3 6 4 2 1 9 5 8 
2 5 8 7 9 6 4 1 3 
4 2 7 9 8 5 3 6 1 
3 6 5 2 1 7 8 9 4 
1 8 9 6 3 4 5 7 2 
6 1 4 5 7 8 2 3 9 
8 9 3 1 6 2 7 4 5 
5 7 2 3 4 9 1 8 6 
$ 3 2 30
9 4 1 8 5 3 6 2 7 
7 3 6 4 2 1 9 5 8 
2 5 8 7 9 6 4 1 3 
4 2 7 9 8 5 3 6 1 
3 6 5 2 1 7 8 9 4 
1 8 9 6 3 4 5 7 2 
6 1 4 5 7 8 2 3 9 
8 9 3 1 6 2 7 4 5 
5 7 2 3 4 9 1 8 6 
$ 3 2 32
9 4 1 8 5 3 6 2 7 
7 3 6 4 2 1 9 5 8 
2 5 8 7 9 6 4 1 3 
4 2 7 9 8 5 3 6 1 
3 6 5 2 1 7 8 9 4 
1 8 9 6 3 4 5 7 2 
6 1 4 5 7 8 2 3 9 
8 9 3 1 6 2 7 4 5 
5 7 2 3 4 9 1 8 6 
$ 3 2 30
9 4 1 8 5 3 6 2 7 
7 3 6 4 2 1 9 5 8 
2 5 8 7 9 6 4 1 3 
4 2 7 9 8 5 3 6 1 
3 6 5 2 1 7 8 9 4 
1 8 9 6 3 4 5 7 2 
6 1 4 5 7 8 2 3 9 
8 9 3 1 6 2 7 4 5 
5 7 2 3 4 9 1 8 6 
$ 3 2 32
9 4 1 8 5 3 6 2 7 
7 3 6 4 2 1 9 5 8 
2 5 8 7 9 6 4 1 3 
4 2 7 9 8 5 3 6 1 
3 6 5 2 1 7 8 9 4 
1 8 9 6 3 4 5 7 2 
6 1 4 5 7 8 2 3 9 
8 9 3 1 6 2 7 4 5 
5 7 2 3 4 9 1 8 6 
$ 3 2 34
9 4 1 8 5 3 6 2 7 
7 3 6 4 2 1 9 5 8 
2 5 8 7 9 6 4 1 3 
4 2 7 9 8 5 3 6 1 
1 6 5 2 3 7 8 9 4 
3 8 9 6 1 4 5 7 2 
6 1 4 5 7 8 2 3 9 
8 9 3 1 6 2 7 4 5 
5 7 2 3 4 9 1 8 6 
$ 3 2 32
9 4 1 8 5 3 6 2 7 
7 3 6 4 2 1 9 5 8 
2 5 8 7 9 6 4 1 3 
4 2 7 9 8 5 3 6 1 
3 6 5 2 1 7 8 9 4 
1 8 9 6 3 4 5 7 2 
6 1 4 5 7 8 2 3 9 
8 9 3 1 6 2 7 4 5 
5 7 2 3 4 9 1 8 6 
$ 3 2 30
9 4 1 8 5 3 6 2 7 
7 3 6 4 2 1 9 5 8 
2 5 8 7 9 6 4 1 3 
4 2 7 9 8 5 3 6 1 
3 6 5 2 1 7 8 9 4 
1 8 9 6 3 4 5 7 2 
6 1 4 5 7 8 2 3 9 
8 9 3 1 6 2 7 4 5 
5 7 2 3 4 9 1 8 6 
$ 3 2 31
9 4 1 8 5 3 6 2 7 
7 3 6 4 2 1 9 5 8 
2 5 8 7 9 6 4 1 3 
4 2 7 9 8 5 3 6 1 
3 6 5 2 1 7 8 9 4 
1 8 9 6 3 4 5 7 2 
6 1 4 5 7 8 2 3 9 
8 9 3 1 6 2 7 4 5 
5 7 2 3 4 9 1 8 6 
$ 3 2 35
9 4 1 8 5 3 6 2 7 
7 3 6 4 2 1 9 5 8 
2 5 8 7 9 6 4 1 3 
4 2 7 9 8 5 3 6 1 
3 6 5 2 1 7 8 9 4 
1 8 9 6 3 4 5 7 2 
6 1 4 5 7 8 2 3 9 
8 9 3 1 6 2 7 4 5 
5 7 2 3 4 9 1 8 6 
$ 3 2 31
1 4 9 8 5 3 6 7 2 
7 3 6 4 2 1 9 5 8 
2 5 8 7 9 6 4 1 3 
4 2 7 9 8 5 3 6 1 
3 6 5 2 1 7 8 9 4 
9 8 1 6 3 4 5 2 7 
6 1 4 5 7 8 2 3 9 
8 9 3 1 6 2 7 4 5 
5 7 2 3 4 9 1 8 6 
$ 3 2 30
9 4 1 8 5 3 6 2 7 
7 3 6 4 2 1 9 5 8 
2 5 8 7 9 6 4 1 3 
4 2 7 9 8 5 3 6 1 
3 6 5 2 1 7 8 9 4 
1 8 9 6 3 4 5 7 2 
6 1 3 5 7 8 2 4 9 
8 9 4 1 6 2 7 3 5 
5 7 2 3 4 9 1 8 6 
$ 3 2 30
9 4 1 8 5 3 6 2 7 
7 3 6 4 2 1 9 5 8 
2 5 8 7 9 6 4 1 3 
4 2 7 9 8 5 3 6 1 
3 6 5 2 1 7 8 9 4 
1 8 9 6 3 4 5 7 2 
6 1 4 5 7 8 2 3 9 
8 9 3 1 6 2 7 4 5 
5 7 2 3 4 9 1 8 6 
$ 3 2 33
9 4 1 8 5 3 6 2 7 
7 3 6 4 2 1 9 5 8 
2 5 8 7 9 6 4 1 3 
4 2 7 9 8 5 3 6 1 
3 6 5 2 1 7 8 9 4 
1 8 9 6 3 4 5 7 2 
6 1 4 5 7 8 2 3 9 
8 9 3 1 6 2 7 4 5 
5 7 2 3 4 9 1 8 6 
$ 3 2 30
9 4 1 8 5 3 6 2 7 
7 3 6 4 2 1 9 5 8 
2 5 8 7 9 6 4 1 3 
4 2 7 9 8 5 3 6 1 
3 6 5 2 1 7 8 9 4 
1 8 9 6 3 4 5 7 2 
6 1 4 5 7 8 2 3 9 
8 9 3 1 6 2 7 4 5 
5 7 2 3 4 9 1 8 6 
$ 3 2 30
9 4 1 8 5 3 6 2 7 
7 3 6 4 2 1 9 5 8 
2 5 8 7 9 6 4 1 3 
4 2 7 9 8 5 3 6 1 
3 6 5 2 1 7 8 9 4 
1 8 9 6 3 4 5 7 2 
6 1 4 5 7 8 2 3 9 
8 9 3 1 6 2 7 4 5 
5 7 2 3 4 9 1 8 6 
$ 3 2 30
9 4 1 8 5 3 6 2 7 
7 3 6 4 2 1 9 5 8 
2 5 8 7 9 6 4 1 3 
4 2 7 9 8 5 3 6 1 
3 6 5 2 1 7 8 9 4 
1 8 9 6 3 4 5 7 2 
6 1 4 5 7 8 2 3 9 
8 9 3 1 6 2 7 4 5 
5 7 2 3 4 9 1 8 6 
$ 3 2 33
4 5 1 8 9 3 6 2 7 
7 3 6 4 2 1 9 5 8 
8 2 9 7 5 6 4 1 3 
2 4 7 9 8 5 3 6 1 
3 6 5 2 1 7 8 9 4 
1 9 8 6 3 4 5 7 2 
6 1 4 5 7 8 2 3 9 
9 8 3 1 6 2 7 4 5 
5 7 2 3 4 9 1 8 6 
$ 3 2 30
9 4 1 8 5 3 6 2 7 
7 3 6 4 2 1 9 5 8 
2 5 8 7 9 6 4 1 3 
4 2 7 9 8 5 3 6 1 
3 6 5 2 1 7 8 9 4 
1 8 9 6 3 4 5 7 2 
6 1 4 5 7 8 2 3 9 
8 9 3 1 6 2 7 4 5 
5 7 2 3 4 9 1 8 6 
$ 3 2 30
9 4 1 8 5 3 6 2 7 
7 3 6 4 2 1 9 5 8 
2 5 8 7 9 6 4 1 3 
4 2 7 9 8 5 3 6 1 
3 6 5 2 1 7 8 9 4 
1 8 9 6 3 4 5 7 2 
6 1 4 5 7 8 2 3 9 
8 9 3 1 6 2 7 4 5 
5 7 2 3 4 9 1 8 6 
$ 3 2 31
9 4 1 8 5 3 6 2 7 
7 3 6 4 2 1 9 5 8 
2 5 8 7 9 6 4 1 3 
4 2 7 9 8 5 3 6 1 
3 6 5 2 1 7 8 9 4 
1 8 9 6 3 4 5 7 2 
6 1 4 5 7 8 2 3 9 
8 9 3 1 6 2 7 4 5 
5 7 2 3 4 9 1 8 6 
$ 3 2 31
9 4 1 8 5 3 6 2 7 
7 3 6 4 2 1 9 5 8 
2 5 8 7 9 6 4 1 3 
4 2 7 9 8 5 3 6 1 
3 6 5 2 1 7 8 9 4 
1 8 9 6 3 4 5 7 2 
6 1 4 5 7 8 2 3 9 
8 9 3 1 6 2 7 4 5 
5 7 2 3 4 9 1 8 6 
$ 3 2 31
9 4 1 8 5 3 6 2 7 
7 3 6 4 2 1 9 5 8 
2 5 8 7 9 6 4 1 3 
4 2 7 9 8 5 3 6 1 
3 6 5 2 1 7 8 9 4 
1 8 9 6 3 4 5 7 2 
6 1 4 5 7 8 2 3 9 
8 9 3 1 6 2 7 4 5 
5 7 2 3 4 9 1 8 6 
$ 3 2 32
9 4 1 8 5 3 6 2 7 
7 3 6 4 2 1 9 5 8 
2 5 8 7 9 6 4 1 3 
4 2 7 9 8 5 3 6 1 
3 6 5 2 1 7 8 9 4 
1 8 9 6 3 4 5 7 2 
6 1 4 5 7 8 2 3 9 
8 9 3 1 6 2 7 4 5 
5 7 2 3 4 9 1 8 6 
$ 3 2 32
9 4 1 8 5 3 6 2 7 
7 3 6 4 2 1 9 5 8 
2 5 8 7 9 6 4 1 3 
4 2 7 9 8 5 3 6 1 
3 6 5 2 1 7 8 9 4 
1 8 9 6 3 4 5 7 2 
6 1 4 5 7 8 2 3 9 
8 9 3 1 6 2 7 4 5 
5 7 2 3 4 9 1 8 6 
$ 3 2 36
9 4 1 8 5 3 6 2 7 
7 3 6 4 2 1 9 5 8 
2 5 8 7 9 6 4 1 3 
4 2 7 9 8 5 3 6 1 
3 6 5 2 1 7 8 9 4 
1 8 9 6 3 4 5 7 2 
6 1 4 5 7 8 2 3 9 
8 9 3 1 6 2 7 4 5 
5 7 2 3 4 9 1 8 6 
$ 3 2 30
9 4 1 8 5 3 6 2 7 
7 3 6 4 2 1 9 5 8 
2 5 8 7 9 6 4 1 3 
4 2 7 9 8 5 3 6 1 
3 6 5 2 1 7 8 9 4 
1 8 9 6 3 4 5 7 2 
6 1 4 5 7 8 2 3 9 
8 9 3 1 6 2 7 4 5 
5 7 2 3 4 9 1 8 6 
$ 3 2 31
9 4 1 8 5 3 6 2 7 
7 3 6 4 2 1 9 5 8 
2 5 8 7 9 6 4 1 3 
4 2 7 9 8 5 3 6 1 
3 6 5 2 1 7 8 9 4 
1 8 9 6 3 4 5 7 2 
6 1 4 5 7 8 2 3 9 
8 9 3 1 6 2 7 4 5 
5 7 2 3 4 9 1 8 6 
$ 3 2 31
9 4 1 8 5 3 6 2 7 
7 3 6 4 2 1 9 5 8 
2 5 8 7 9 6 4 1 3 
4 2 7 9 8 5 3 6 1 
3 6 5 2 1 7 8 9 4 
1 8 9 6 3 4 5 7 2 
6 1 4 5 7 8 2 3 9 
8 9 3 1 6 2 7 4 5 
5 7 2 3 4 9 1 8 6 
$ 3 2 31
9 4 1 8 5 3 6 2 7 
7 3 6 4 2 1 9 5 8 
2 5 8 7 9 6 4 1 3 
4 2 7 9 8 5 3 6 1 
3 6 5 2 1 7 8 9 4 
1 8 9 6 3 4 5 7 2 
6 1 4 5 7 8 2 3 9 
8 9 3 1 6 2 7 4 5 
5 7 2 3 4 9 1 8 6 
$ 3 2 30
9 4 1 8 5 3 6 2 7 
7 3 6 4 2 1 9 5 8 
2 5 8 7 9 6 4 1 3 
4 2 7 9 8 5 3 6 1 
3 6 5 2 1 7 8 9 4 
1 8 9 6 3 4 5 7 2 
6 1 4 5 7 8 2 3 9 
8 9 3 1 6 2 7 4 5 
5 7 2 3 4 9 1 8 6 
$ 3 2 35
9 4 1 8 5 3 6 2 7 
7 3 6 4 2 1 9 5 8 
2 5 8 7 9 6 4 1 3 
4 2 7 9 8 5 3 6 1 
3 6 5 2 1 7 8 9 4 
1 8 9 6 3 4 5 7 2 
6 1 4 5 7 8 2 3 9 
8 9 3 1 6 2 7 4 5 
5 7 2 3 4 9 1 8 6 
$ 3 2 34
9 4 1 8 5 3 6 2 7 
7 3 6 4 2 1 9 5 8 
2 5 8 7 9 6 4 1 3 
4 2 7 9 8 5 3 6 1 
3 6 5 2 1 7 8 9 4 
1 8 9 6 3 4 5 7 2 
6 1 4 5 7 8 2 3 9 
8 9 3 1 6 2 7 4 5 
5 7 2 3 4 9 1 8 6 
$ 3 2 30
9 4 1 8 5 3 6 2 7 
7 3 6 4 2 1 9 5 8 
2 5 8 7 9 6 4 1 3 
4 2 7 9 8 5 3 6 1 
3 6 5 2 1 7 8 9 4 
1 8 9 6 3 4 5 7 2 
6 1 4 5 7 8 2 3 9 
8 9 3 1 6 2 7 4 5 
5 7 2 3 4 9 1 8 6 
$ 3 2 30
9 4 1 8 5 3 6 2 7 
7 3 6 4 2 1 9 5 8 
2 5 8 7 9 6 4 1 3 
4 2 7 9 8 5 3 6 1 
3 6 5 2 1 7 8 9 4 
1 8 9 6 3 4 5 7 2 
6 1 4 5 7 8 2 3 9 
8 9 3 1 6 2 7 4 5 
5 7 2 3 4 9 1 8 6 
$ 3 2 30
9 4 1 8 5 3 6 2 7 
7 3 6 4 2 1 9 5 8 
2 5 8 7 9 6 4 1 3 
4 2 7 9 8 5 3 6 1 
3 6 5 2 1 7 8 9 4 
1 8 9 6 3 4 5 7 2 
6 1 4 5 7 8 2 3 9 
8 9 3 1 6 2 7 4 5 
5 7 2 3 4 9 1 8 6 
$ 3 2 31
9 4 1 8 5 3 6 2 7 
7 3 6 4 2 1 9 5 8 
2 5 8 7 9 6 4 1 3 
4 2 7 9 8 5 3 6 1 
3 6 5 2 1 7 8 9 4 
1 8 9 6 3 4 5 7 2 
6 1 4 5 7 8 2 3 9 
8 9 3 1 6 2 7 4 5 
5 7 2 3 4 9 1 8 6 
$ 3 2 34
9 4 1 8 5 3 6 2 7 
6 3 7 4 2 1 9 5 8 
2 5 8 7 9 6 4 1 3 
7 2 4 9 8 5 3 6 1 
3 6 5 2 1 7 8 9 4 
1 8 9 6 3 4 5 7 2 
4 1 6 5 7 8 2 3 9 
8 9 3 1 6 2 7 4 5 
5 7 2 3 4 9 1 8 6 
$ 3 2 33
9 4 1 8 5 3 6 2 7 
7 3 6 4 2 1 9 5 8 
2 5 8 7 9 6 4 1 3 
4 2 7 9 8 5 3 6 1 
3 6 5 2 1 7 8 9 4 
1 8 9 6 3 4 5 7 2 
6 1 4 5 7 8 2 3 9 
8 9 3 1 6 2 7 4 5 
5 7 2 3 4 9 1 8 6 
$ 3 2 30
9 4 1 8 5 3 6 2 7 
7 3 6 4 2 1 9 5 8 
2 5 8 7 9 6 4 1 3 
4 2 7 9 8 5 3 6 1 
3 6 5 2 1 7 8 9 4 
1 8 9 6 3 4 5 7 2 
6 1 4 5 7 8 2 3 9 
8 9 3 1 6 2 7 4 5 
5 7 2 3 4 9 1 8 6 
$ 3 2 30
9 4 1 8 5 3 6 2 7 
7 3 6 4 2 1 9 5 8 
2 5 8 7 9 6 4 1 3 
4 2 7 9 8 5 3 6 1 
3 6 5 2 1 7 8 9 4 
1 8 9 6 3 4 5 7 2 
6 1 4 5 7 8 2 3 9 
8 9 3 1 6 2 7 4 5 
5 7 2 3 4 9 1 8 6 
$ 3 2 30
9 4 1 8 5 3 6 2 7 
7 3 6 4 2 1 9 5 8 
2 5 8 7 9 6 4 1 3 
4 2 7 9 8 5 3 6 1 
3 6 5 2 1 7 8 9 4 
1 8 9 6 3 4 5 7 2 
6 1 4 5 7 8 2 3 9 
8 9 3 1 6 2 7 4 5 
5 7 2 3 4 9 1 8 6 
$ 3 2 30
9 4 1 8 5 3 6 2 7 
7 3 6 4 2 1 9 5 8 
2 5 8 7 9 6 4 1 3 
4 2 7 9 8 5 3 6 1 
3 6 5 2 1 7 8 9 4 
1 8 9 6 3 4 5 7 2 
6 1 4 5 7 8 2 3 9 
8 9 3 1 6 2 7 4 5 
5 7 2 3 4 9 1 8 6 
$ 3 2 34
9 4 1 8 5 3 6 2 7 
7 3 6 4 2 1 9 5 8 
2 5 8 7 9 6 4 1 3 
4 2 7 9 8 5 3 6 1 
3 6 5 2 1 7 8 9 4 
1 8 9 6 3 4 5 7 2 
6 1 4 5 7 8 2 3 9 
8 9 3 1 6 2 7 4 5 
5 7 2 3 4 9 1 8 6 
$ 3 2 30
9 4 1 8 5 3 6 2 7 
7 3 6 4 2 1 9 5 8 
2 5 8 7 9 6 4 1 3 
4 2 7 9 8 5 3 6 1 
3 6 5 2 1 7 8 9 4 
1 8 9 6 3 4 5 7 2 
6 1 4 5 7 8 2 3 9 
8 9 3 1 6 2 7 4 5 
5 7 2 3 4 9 1 8 6 
$ 3 2 31
9 4 1 8 5 3 6 2 7 
7 3 6 4 2 1 9 5 8 
2 5 8 7 9 6 4 1 3 
4 2 7 9 8 5 3 6 1 
3 6 5 2 1 7 8 9 4 
1 8 9 6 3 4 5 7 2 
6 1 4 5 7 8 2 3 9 
8 9 3 1 6 2 7 4 5 
5 7 2 3 4 9 1 8 6 
$ 3 2 32
9 4 1 8 5 3 6 2 7 
7 3 6 4 2 1 9 5 8 
2 5 8 7 9 6 4 1 3 
4 2 7 9 8 5 3 6 1 
3 6 5 2 1 7 8 9 4 
1 8 9 6 3 4 5 7 2 
6 1 4 5 7 8 2 3 9 
8 9 3 1 6 2 7 4 5 
5 7 2 3 4 9 1 8 6 
$ 3 2 32
9 4 1 8 5 3 6 2 7 
7 3 6 4 2 1 9 5 8 
2 5 8 7 9 6 4 1 3 
4 2 7 9 8 5 3 6 1 
3 6 5 2 1 7 8 9 4 
1 8 9 6 3 4 5 7 2 
6 1 4 5 7 8 2 3 9 
8 9 3 1 6 2 7 4 5 
5 7 2 3 4 9 1 8 6 
$ 3 2 33
9 4 1 8 5 3 6 2 7 
7 3 6 4 2 1 9 5 8 
2 5 8 7 9 6 4 1 3 
4 7 2 9 8 5 3 6 1 
3 6 5 2 1 7 8 9 4 
1 8 9 6 3 4 5 7 2 
6 1 4 5 7 8 2 3 9 
8 9 3 1 6 2 7 4 5 
5 2 7 3 4 9 1 8 6 
$ 3 2 30
9 4 1 8 5 3 6 2 7 
7 3 6 4 2 1 9 5 8 
2 5 8 7 9 6 4 1 3 
4 2 7 9 8 5 3 6 1 
3 6 5 2 1 7 8 9 4 
1 8 9 6 3 4 5 7 2 
6 1 4 5 7 8 2 3 9 
8 9 3 1 6 2 7 4 5 
5 7 2 3 4 9 1 8 6 
$ 3 2 31
9 4 1 8 5 3 6 2 7 
7 3 6 4 2 1 9 5 8 
2 5 8 7 9 6 4 1 3 
4 2 7 9 8 5 3 6 1 
3 6 5 2 1 7 8 9 4 
1 8 9 6 3 4 5 7 2 
6 1 4 5 7 8 2 3 9 
8 9 3 1 6 2 7 4 5 
5 7 2 3 4 9 1 8 6 
$ 3 2 32
9 4 1 8 5 3 6 2 7 
7 3 6 4 2 1 9 5 8 
2 5 8 7 9 6 4 1 3 
4 2 7 9 8 5 3 6 1 
3 6 5 2 1 7 8 9 4 
1 8 9 6 3 4 5 7 2 
6 1 4 5 7 8 2 3 9 
8 9 3 1 6 2 7 4 5 
5 7 2 3 4 9 1 8 6 
$ 3 2 33
9 4 1 8 5 3 6 2 7 
7 3 6 4 2 1 9 5 8 
2 5 8 7 9 6 4 1 3 
4 2 7 9 8 5 3 6 1 
3 6 5 2 1 7 8 9 4 
1 8 9 6 3 4 5 7 2 
6 1 4 5 7 8 2 3 9 
8 9 3 1 6 2 7 4 5 
5 7 2 3 4 9 1 8 6 
$ 3 2 30
9 4 1 8 5 3 6 2 7 
7 3 6 4 2 1 9 5 8 
2 5 8 7 9 6 4 1 3 
4 2 7 9 8 5 3 6 1 
3 6 5 2 1 7 8 9 4 
1 8 9 6 3 4 5 7 2 
6 1 4 5 7 8 2 3 9 
8 9 3 1 6 2 7 4 5 
5 7 2 3 4 9 1 8 6 
$ 3 2 30
9 4 1 8 5 3 6 2 7 
7 3 6 4 2 1 9 5 8 
2 5 8 7 9 6 4 1 3 
4 2 7 9 8 5 3 6 1 
3 6 5 2 1 7 8 9 4 
1 8 9 6 3 4 5 7 2 
6 1 4 5 7 8 2 3 9 
8 9 3 1 6 2 7 4 5 
5 7 2 3 4 9 1 8 6 
$ 3 2 32
9 4 1 8 5 3 6 2 7 
7 3 6 4 2 1 9 5 8 
2 5 8 7 9 6 4 1 3 
4 2 7 9 8 5 3 6 1 
3 6 5 2 1 7 8 9 4 
1 8 9 6 3 4 5 7 2 
6 1 4 5 7 8 2 3 9 
8 9 3 1 6 2 7 4 5 
5 7 2 3 4 9 1 8 6 
$ 3 2 31
9 4 1 8 5 3 6 2 7 
7 3 6 4 2 1 9 5 8 
2 5 8 7 9 6 4 1 3 
4 2 7 9 8 5 3 6 1 
3 6 5 2 1 7 8 9 4 
1 8 9 6 3 4 5 7 2 
6 1 4 5 7 8 2 3 9 
8 9 3 1 6 2 7 4 5 
5 7 2 3 4 9 1 8 6 
$ 3 2 31
9 4 1 8 5 3 6 2 7 
7 3 6 4 2 1 9 5 8 
2 5 8 7 9 6 4 1 3 
4 2 7 9 8 5 3 6 1 
3 6 5 2 1 7 8 9 4 
1 8 9 6 3 4 5 7 2 
6 1 4 5 7 8 2 3 9 
8 9 3 1 6 2 7 4 5 
5 7 2 3 4 9 1 8 6 
$ 3 2 30
9 4 1 8 5 3 6 2 7 
7 3 6 4 2 1 9 5 8 
2 5 8 7 9 6 4 1 3 
4 2 7 9 8 5 3 6 1 
3 6 5 2 1 7 8 9 4 
1 8 9 6 3 4 5 7 2 
6 1 4 5 7 8 2 3 9 
8 9 3 1 6 2 7 4 5 
5 7 2 3 4 9 1 8 6 
$ 3 2 32
9 4 1 8 5 3 6 2 7 
7 3 6 4 2 1 9 5 8 
2 5 8 7 9 6 4 1 3 
4 2 7 9 8 5 3 6 1 
3 6 5 2 1 7 8 9 4 
1 8 9 6 3 4 5 7 2 
6 1 4 5 7 8 2 3 9 
8 9 3 1 6 2 7 4 5 
5 7 2 3 4 9 1 8 6 
$ 3 2 30
9 4 1 8 5 3 6 2 7 
7 3 6 4 2 1 9 5 8 
2 5 8 7 9 6 4 1 3 
4 2 7 9 8 5 3 6 1 
3 6 5 2 1 7 8 9 4 
1 8 9 6 3 4 5 7 2 
6 1 4 5 7 8 2 3 9 
8 9 3 1 6 2 7 4 5 
5 7 2 3 4 9 1 8 6 
$ 3 2 33
9 4 1 8 5 3 6 2 7 
7 3 6 4 2 1 9 5 8 
2 5 8 7 9 6 4 1 3 
4 2 7 9 8 5 3 6 1 
1 6 5 2 3 7 8 9 4 
3 8 9 6 1 4 5 7 2 
6 1 4 5 7 8 2 3 9 
8 9 3 1 6 2 7 4 5 
5 7 2 3 4 9 1 8 6 
$ 3 2 35
9 4 1 8 5 3 6 2 7 
7 3 6 4 2 1 9 5 8 
2 5 8 7 9 6 4 1 3 
4 2 7 9 8 5 3 6 1 
3 6 5 2 1 7 8 9 4 
1 8 9 6 3 4 5 7 2 
6 1 4 5 7 8 2 3 9 
8 9 3 1 6 2 7 4 5 
5 7 2 3 4 9 1 8 6 
